OMNIWeb Plus Browser Results

Listing for omni_min data from 20150317 to 20150318
Selected parameters:
 1 SYM/H, nT

YYYY DOY HR MN    1 
2015  76  0  0    15
2015  76  0  1    15
2015  76  0  2    15
2015  76  0  3    14
2015  76  0  4    14
2015  76  0  5    14
2015  76  0  6    14
2015  76  0  7    15
2015  76  0  8    15
2015  76  0  9    16
2015  76  0 10    18
2015  76  0 11    18
2015  76  0 12    18
2015  76  0 13    17
2015  76  0 14    17
2015  76  0 15    17
2015  76  0 16    17
2015  76  0 17    16
2015  76  0 18    15
2015  76  0 19    15
2015  76  0 20    15
2015  76  0 21    14
2015  76  0 22    15
2015  76  0 23    15
2015  76  0 24    15
2015  76  0 25    15
2015  76  0 26    15
2015  76  0 27    15
2015  76  0 28    15
2015  76  0 29    15
2015  76  0 30    16
2015  76  0 31    16
2015  76  0 32    16
2015  76  0 33    17
2015  76  0 34    16
2015  76  0 35    16
2015  76  0 36    15
2015  76  0 37    14
2015  76  0 38    14
2015  76  0 39    13
2015  76  0 40    13
2015  76  0 41    13
2015  76  0 42    12
2015  76  0 43    12
2015  76  0 44    11
2015  76  0 45    12
2015  76  0 46    11
2015  76  0 47    11
2015  76  0 48    11
2015  76  0 49    11
2015  76  0 50    12
2015  76  0 51    11
2015  76  0 52    11
2015  76  0 53    11
2015  76  0 54    11
2015  76  0 55    11
2015  76  0 56    12
2015  76  0 57    11
2015  76  0 58    12
2015  76  0 59    12
2015  76  1  0    12
2015  76  1  1    12
2015  76  1  2    12
2015  76  1  3    12
2015  76  1  4    12
2015  76  1  5    13
2015  76  1  6    13
2015  76  1  7    13
2015  76  1  8    13
2015  76  1  9    13
2015  76  1 10    14
2015  76  1 11    14
2015  76  1 12    14
2015  76  1 13    15
2015  76  1 14    15
2015  76  1 15    15
2015  76  1 16    15
2015  76  1 17    15
2015  76  1 18    15
2015  76  1 19    14
2015  76  1 20    14
2015  76  1 21    14
2015  76  1 22    14
2015  76  1 23    14
2015  76  1 24    14
2015  76  1 25    14
2015  76  1 26    14
2015  76  1 27    13
2015  76  1 28    13
2015  76  1 29    13
2015  76  1 30    13
2015  76  1 31    13
2015  76  1 32    13
2015  76  1 33    13
2015  76  1 34    13
2015  76  1 35    13
2015  76  1 36    13
2015  76  1 37    13
2015  76  1 38    13
2015  76  1 39    13
2015  76  1 40    13
2015  76  1 41    13
2015  76  1 42    13
2015  76  1 43    13
2015  76  1 44    13
2015  76  1 45    13
2015  76  1 46    13
2015  76  1 47    13
2015  76  1 48    13
2015  76  1 49    13
2015  76  1 50    13
2015  76  1 51    13
2015  76  1 52    14
2015  76  1 53    14
2015  76  1 54    15
2015  76  1 55    16
2015  76  1 56    17
2015  76  1 57    18
2015  76  1 58    18
2015  76  1 59    17
2015  76  2  0    15
2015  76  2  1    14
2015  76  2  2    13
2015  76  2  3    13
2015  76  2  4    13
2015  76  2  5    13
2015  76  2  6    13
2015  76  2  7    13
2015  76  2  8    13
2015  76  2  9    13
2015  76  2 10    13
2015  76  2 11    13
2015  76  2 12    13
2015  76  2 13    13
2015  76  2 14    13
2015  76  2 15    13
2015  76  2 16    14
2015  76  2 17    15
2015  76  2 18    15
2015  76  2 19    16
2015  76  2 20    16
2015  76  2 21    16
2015  76  2 22    16
2015  76  2 23    16
2015  76  2 24    16
2015  76  2 25    16
2015  76  2 26    16
2015  76  2 27    16
2015  76  2 28    17
2015  76  2 29    17
2015  76  2 30    17
2015  76  2 31    16
2015  76  2 32    15
2015  76  2 33    15
2015  76  2 34    14
2015  76  2 35    14
2015  76  2 36    14
2015  76  2 37    14
2015  76  2 38    13
2015  76  2 39    13
2015  76  2 40    13
2015  76  2 41    13
2015  76  2 42    13
2015  76  2 43    13
2015  76  2 44    14
2015  76  2 45    14
2015  76  2 46    15
2015  76  2 47    15
2015  76  2 48    15
2015  76  2 49    15
2015  76  2 50    15
2015  76  2 51    15
2015  76  2 52    14
2015  76  2 53    13
2015  76  2 54    13
2015  76  2 55    13
2015  76  2 56    13
2015  76  2 57    14
2015  76  2 58    14
2015  76  2 59    13
2015  76  3  0    13
2015  76  3  1    13
2015  76  3  2    14
2015  76  3  3    14
2015  76  3  4    13
2015  76  3  5    13
2015  76  3  6    13
2015  76  3  7    13
2015  76  3  8    12
2015  76  3  9    12
2015  76  3 10    12
2015  76  3 11    12
2015  76  3 12    12
2015  76  3 13    12
2015  76  3 14    12
2015  76  3 15    12
2015  76  3 16    12
2015  76  3 17    11
2015  76  3 18    11
2015  76  3 19    10
2015  76  3 20    11
2015  76  3 21    11
2015  76  3 22    11
2015  76  3 23    12
2015  76  3 24    12
2015  76  3 25    12
2015  76  3 26    12
2015  76  3 27    13
2015  76  3 28    13
2015  76  3 29    12
2015  76  3 30    11
2015  76  3 31    11
2015  76  3 32    11
2015  76  3 33    11
2015  76  3 34    12
2015  76  3 35    12
2015  76  3 36    12
2015  76  3 37    12
2015  76  3 38    12
2015  76  3 39    11
2015  76  3 40    11
2015  76  3 41    12
2015  76  3 42    12
2015  76  3 43    12
2015  76  3 44    13
2015  76  3 45    13
2015  76  3 46    13
2015  76  3 47    13
2015  76  3 48    14
2015  76  3 49    14
2015  76  3 50    14
2015  76  3 51    14
2015  76  3 52    14
2015  76  3 53    14
2015  76  3 54    14
2015  76  3 55    13
2015  76  3 56    12
2015  76  3 57    12
2015  76  3 58    13
2015  76  3 59    13
2015  76  4  0    14
2015  76  4  1    14
2015  76  4  2    14
2015  76  4  3    13
2015  76  4  4    12
2015  76  4  5    12
2015  76  4  6    13
2015  76  4  7    13
2015  76  4  8    12
2015  76  4  9    12
2015  76  4 10    12
2015  76  4 11    11
2015  76  4 12    11
2015  76  4 13    11
2015  76  4 14    12
2015  76  4 15    12
2015  76  4 16    12
2015  76  4 17    13
2015  76  4 18    13
2015  76  4 19    13
2015  76  4 20    12
2015  76  4 21    12
2015  76  4 22    12
2015  76  4 23    12
2015  76  4 24    12
2015  76  4 25    11
2015  76  4 26    12
2015  76  4 27    12
2015  76  4 28    12
2015  76  4 29    12
2015  76  4 30    13
2015  76  4 31    13
2015  76  4 32    13
2015  76  4 33    14
2015  76  4 34    13
2015  76  4 35    13
2015  76  4 36    15
2015  76  4 37    15
2015  76  4 38    16
2015  76  4 39    16
2015  76  4 40    15
2015  76  4 41    15
2015  76  4 42    15
2015  76  4 43    15
2015  76  4 44    15
2015  76  4 45    17
2015  76  4 46    32
2015  76  4 47    60
2015  76  4 48    67
2015  76  4 49    63
2015  76  4 50    59
2015  76  4 51    57
2015  76  4 52    57
2015  76  4 53    58
2015  76  4 54    57
2015  76  4 55    54
2015  76  4 56    54
2015  76  4 57    53
2015  76  4 58    53
2015  76  4 59    52
2015  76  5  0    51
2015  76  5  1    50
2015  76  5  2    52
2015  76  5  3    53
2015  76  5  4    55
2015  76  5  5    57
2015  76  5  6    59
2015  76  5  7    60
2015  76  5  8    60
2015  76  5  9    60
2015  76  5 10    60
2015  76  5 11    61
2015  76  5 12    63
2015  76  5 13    63
2015  76  5 14    63
2015  76  5 15    60
2015  76  5 16    59
2015  76  5 17    59
2015  76  5 18    60
2015  76  5 19    60
2015  76  5 20    61
2015  76  5 21    58
2015  76  5 22    54
2015  76  5 23    51
2015  76  5 24    50
2015  76  5 25    52
2015  76  5 26    52
2015  76  5 27    52
2015  76  5 28    53
2015  76  5 29    53
2015  76  5 30    52
2015  76  5 31    52
2015  76  5 32    51
2015  76  5 33    51
2015  76  5 34    52
2015  76  5 35    53
2015  76  5 36    54
2015  76  5 37    54
2015  76  5 38    54
2015  76  5 39    52
2015  76  5 40    48
2015  76  5 41    47
2015  76  5 42    50
2015  76  5 43    54
2015  76  5 44    56
2015  76  5 45    55
2015  76  5 46    54
2015  76  5 47    57
2015  76  5 48    58
2015  76  5 49    58
2015  76  5 50    60
2015  76  5 51    62
2015  76  5 52    61
2015  76  5 53    55
2015  76  5 54    52
2015  76  5 55    49
2015  76  5 56    46
2015  76  5 57    46
2015  76  5 58    51
2015  76  5 59    52
2015  76  6  0    50
2015  76  6  1    48
2015  76  6  2    48
2015  76  6  3    49
2015  76  6  4    49
2015  76  6  5    49
2015  76  6  6    49
2015  76  6  7    50
2015  76  6  8    50
2015  76  6  9    49
2015  76  6 10    47
2015  76  6 11    47
2015  76  6 12    48
2015  76  6 13    50
2015  76  6 14    48
2015  76  6 15    46
2015  76  6 16    46
2015  76  6 17    48
2015  76  6 18    46
2015  76  6 19    47
2015  76  6 20    46
2015  76  6 21    47
2015  76  6 22    47
2015  76  6 23    45
2015  76  6 24    43
2015  76  6 25    43
2015  76  6 26    42
2015  76  6 27    40
2015  76  6 28    38
2015  76  6 29    38
2015  76  6 30    36
2015  76  6 31    35
2015  76  6 32    35
2015  76  6 33    32
2015  76  6 34    29
2015  76  6 35    26
2015  76  6 36    25
2015  76  6 37    24
2015  76  6 38    21
2015  76  6 39    18
2015  76  6 40    17
2015  76  6 41    16
2015  76  6 42    15
2015  76  6 43    14
2015  76  6 44    11
2015  76  6 45    10
2015  76  6 46     8
2015  76  6 47     7
2015  76  6 48     6
2015  76  6 49     4
2015  76  6 50     5
2015  76  6 51    10
2015  76  6 52     4
2015  76  6 53    -1
2015  76  6 54    -2
2015  76  6 55    -2
2015  76  6 56    -1
2015  76  6 57    -2
2015  76  6 58    -5
2015  76  6 59    -6
2015  76  7  0    -8
2015  76  7  1   -13
2015  76  7  2   -11
2015  76  7  3    -8
2015  76  7  4    -8
2015  76  7  5    -9
2015  76  7  6   -11
2015  76  7  7   -11
2015  76  7  8   -11
2015  76  7  9   -12
2015  76  7 10   -12
2015  76  7 11   -11
2015  76  7 12   -12
2015  76  7 13   -13
2015  76  7 14   -13
2015  76  7 15   -13
2015  76  7 16   -14
2015  76  7 17   -14
2015  76  7 18   -14
2015  76  7 19   -13
2015  76  7 20   -14
2015  76  7 21   -15
2015  76  7 22   -16
2015  76  7 23   -17
2015  76  7 24   -18
2015  76  7 25   -19
2015  76  7 26   -19
2015  76  7 27   -20
2015  76  7 28   -20
2015  76  7 29   -20
2015  76  7 30   -21
2015  76  7 31   -21
2015  76  7 32   -21
2015  76  7 33   -24
2015  76  7 34   -27
2015  76  7 35   -28
2015  76  7 36   -29
2015  76  7 37   -32
2015  76  7 38   -32
2015  76  7 39   -31
2015  76  7 40   -31
2015  76  7 41   -31
2015  76  7 42   -31
2015  76  7 43   -29
2015  76  7 44   -28
2015  76  7 45   -27
2015  76  7 46   -27
2015  76  7 47   -27
2015  76  7 48   -28
2015  76  7 49   -28
2015  76  7 50   -28
2015  76  7 51   -29
2015  76  7 52   -30
2015  76  7 53   -30
2015  76  7 54   -32
2015  76  7 55   -33
2015  76  7 56   -33
2015  76  7 57   -35
2015  76  7 58   -37
2015  76  7 59   -38
2015  76  8  0   -38
2015  76  8  1   -39
2015  76  8  2   -40
2015  76  8  3   -39
2015  76  8  4   -40
2015  76  8  5   -42
2015  76  8  6   -44
2015  76  8  7   -44
2015  76  8  8   -42
2015  76  8  9   -41
2015  76  8 10   -41
2015  76  8 11   -43
2015  76  8 12   -44
2015  76  8 13   -45
2015  76  8 14   -42
2015  76  8 15   -42
2015  76  8 16   -41
2015  76  8 17   -39
2015  76  8 18   -39
2015  76  8 19   -39
2015  76  8 20   -40
2015  76  8 21   -40
2015  76  8 22   -42
2015  76  8 23   -44
2015  76  8 24   -45
2015  76  8 25   -47
2015  76  8 26   -48
2015  76  8 27   -50
2015  76  8 28   -52
2015  76  8 29   -53
2015  76  8 30   -54
2015  76  8 31   -53
2015  76  8 32   -54
2015  76  8 33   -54
2015  76  8 34   -56
2015  76  8 35   -58
2015  76  8 36   -59
2015  76  8 37   -60
2015  76  8 38   -61
2015  76  8 39   -63
2015  76  8 40   -64
2015  76  8 41   -67
2015  76  8 42   -69
2015  76  8 43   -71
2015  76  8 44   -71
2015  76  8 45   -72
2015  76  8 46   -73
2015  76  8 47   -73
2015  76  8 48   -73
2015  76  8 49   -72
2015  76  8 50   -70
2015  76  8 51   -69
2015  76  8 52   -70
2015  76  8 53   -69
2015  76  8 54   -69
2015  76  8 55   -69
2015  76  8 56   -70
2015  76  8 57   -72
2015  76  8 58   -76
2015  76  8 59   -78
2015  76  9  0   -78
2015  76  9  1   -78
2015  76  9  2   -80
2015  76  9  3   -80
2015  76  9  4   -80
2015  76  9  5   -80
2015  76  9  6   -82
2015  76  9  7   -84
2015  76  9  8   -85
2015  76  9  9   -87
2015  76  9 10   -90
2015  76  9 11   -92
2015  76  9 12   -91
2015  76  9 13   -90
2015  76  9 14   -92
2015  76  9 15   -93
2015  76  9 16   -94
2015  76  9 17   -95
2015  76  9 18   -95
2015  76  9 19   -97
2015  76  9 20   -96
2015  76  9 21   -94
2015  76  9 22   -93
2015  76  9 23   -92
2015  76  9 24   -93
2015  76  9 25   -95
2015  76  9 26   -96
2015  76  9 27   -96
2015  76  9 28   -97
2015  76  9 29   -98
2015  76  9 30   -97
2015  76  9 31   -97
2015  76  9 32   -97
2015  76  9 33   -98
2015  76  9 34   -98
2015  76  9 35   -97
2015  76  9 36  -100
2015  76  9 37  -101
2015  76  9 38  -100
2015  76  9 39   -99
2015  76  9 40   -98
2015  76  9 41   -98
2015  76  9 42   -96
2015  76  9 43   -93
2015  76  9 44   -92
2015  76  9 45   -94
2015  76  9 46   -94
2015  76  9 47   -93
2015  76  9 48   -93
2015  76  9 49   -93
2015  76  9 50   -93
2015  76  9 51   -92
2015  76  9 52   -91
2015  76  9 53   -89
2015  76  9 54   -87
2015  76  9 55   -86
2015  76  9 56   -85
2015  76  9 57   -85
2015  76  9 58   -84
2015  76  9 59   -84
2015  76 10  0   -84
2015  76 10  1   -83
2015  76 10  2   -83
2015  76 10  3   -82
2015  76 10  4   -81
2015  76 10  5   -80
2015  76 10  6   -78
2015  76 10  7   -78
2015  76 10  8   -77
2015  76 10  9   -76
2015  76 10 10   -75
2015  76 10 11   -74
2015  76 10 12   -73
2015  76 10 13   -72
2015  76 10 14   -71
2015  76 10 15   -71
2015  76 10 16   -72
2015  76 10 17   -71
2015  76 10 18   -70
2015  76 10 19   -69
2015  76 10 20   -70
2015  76 10 21   -70
2015  76 10 22   -69
2015  76 10 23   -69
2015  76 10 24   -70
2015  76 10 25   -71
2015  76 10 26   -72
2015  76 10 27   -72
2015  76 10 28   -71
2015  76 10 29   -71
2015  76 10 30   -71
2015  76 10 31   -71
2015  76 10 32   -71
2015  76 10 33   -70
2015  76 10 34   -69
2015  76 10 35   -70
2015  76 10 36   -70
2015  76 10 37   -70
2015  76 10 38   -70
2015  76 10 39   -70
2015  76 10 40   -68
2015  76 10 41   -67
2015  76 10 42   -67
2015  76 10 43   -67
2015  76 10 44   -67
2015  76 10 45   -67
2015  76 10 46   -66
2015  76 10 47   -66
2015  76 10 48   -65
2015  76 10 49   -65
2015  76 10 50   -63
2015  76 10 51   -62
2015  76 10 52   -61
2015  76 10 53   -61
2015  76 10 54   -61
2015  76 10 55   -62
2015  76 10 56   -63
2015  76 10 57   -64
2015  76 10 58   -64
2015  76 10 59   -63
2015  76 11  0   -62
2015  76 11  1   -60
2015  76 11  2   -59
2015  76 11  3   -58
2015  76 11  4   -57
2015  76 11  5   -57
2015  76 11  6   -58
2015  76 11  7   -60
2015  76 11  8   -61
2015  76 11  9   -59
2015  76 11 10   -60
2015  76 11 11   -60
2015  76 11 12   -60
2015  76 11 13   -59
2015  76 11 14   -58
2015  76 11 15   -55
2015  76 11 16   -52
2015  76 11 17   -52
2015  76 11 18   -54
2015  76 11 19   -54
2015  76 11 20   -52
2015  76 11 21   -51
2015  76 11 22   -50
2015  76 11 23   -49
2015  76 11 24   -50
2015  76 11 25   -50
2015  76 11 26   -50
2015  76 11 27   -50
2015  76 11 28   -49
2015  76 11 29   -49
2015  76 11 30   -49
2015  76 11 31   -48
2015  76 11 32   -47
2015  76 11 33   -47
2015  76 11 34   -45
2015  76 11 35   -44
2015  76 11 36   -43
2015  76 11 37   -41
2015  76 11 38   -42
2015  76 11 39   -43
2015  76 11 40   -43
2015  76 11 41   -41
2015  76 11 42   -42
2015  76 11 43   -42
2015  76 11 44   -43
2015  76 11 45   -44
2015  76 11 46   -44
2015  76 11 47   -42
2015  76 11 48   -44
2015  76 11 49   -45
2015  76 11 50   -45
2015  76 11 51   -45
2015  76 11 52   -44
2015  76 11 53   -45
2015  76 11 54   -45
2015  76 11 55   -45
2015  76 11 56   -44
2015  76 11 57   -44
2015  76 11 58   -45
2015  76 11 59   -47
2015  76 12  0   -47
2015  76 12  1   -46
2015  76 12  2   -43
2015  76 12  3   -41
2015  76 12  4   -40
2015  76 12  5   -39
2015  76 12  6   -38
2015  76 12  7   -39
2015  76 12  8   -45
2015  76 12  9   -52
2015  76 12 10   -55
2015  76 12 11   -51
2015  76 12 12   -43
2015  76 12 13   -46
2015  76 12 14   -47
2015  76 12 15   -44
2015  76 12 16   -41
2015  76 12 17   -43
2015  76 12 18   -45
2015  76 12 19   -47
2015  76 12 20   -47
2015  76 12 21   -48
2015  76 12 22   -48
2015  76 12 23   -47
2015  76 12 24   -46
2015  76 12 25   -44
2015  76 12 26   -44
2015  76 12 27   -45
2015  76 12 28   -43
2015  76 12 29   -44
2015  76 12 30   -44
2015  76 12 31   -45
2015  76 12 32   -50
2015  76 12 33   -55
2015  76 12 34   -54
2015  76 12 35   -52
2015  76 12 36   -51
2015  76 12 37   -53
2015  76 12 38   -55
2015  76 12 39   -55
2015  76 12 40   -56
2015  76 12 41   -58
2015  76 12 42   -61
2015  76 12 43   -63
2015  76 12 44   -63
2015  76 12 45   -63
2015  76 12 46   -63
2015  76 12 47   -64
2015  76 12 48   -67
2015  76 12 49   -67
2015  76 12 50   -66
2015  76 12 51   -65
2015  76 12 52   -67
2015  76 12 53   -69
2015  76 12 54   -72
2015  76 12 55   -74
2015  76 12 56   -75
2015  76 12 57   -74
2015  76 12 58   -77
2015  76 12 59   -79
2015  76 13  0   -80
2015  76 13  1   -81
2015  76 13  2   -83
2015  76 13  3   -84
2015  76 13  4   -82
2015  76 13  5   -83
2015  76 13  6   -84
2015  76 13  7   -86
2015  76 13  8   -85
2015  76 13  9   -87
2015  76 13 10   -87
2015  76 13 11   -86
2015  76 13 12   -87
2015  76 13 13   -89
2015  76 13 14   -90
2015  76 13 15   -89
2015  76 13 16   -91
2015  76 13 17   -92
2015  76 13 18   -92
2015  76 13 19   -92
2015  76 13 20   -93
2015  76 13 21   -94
2015  76 13 22   -93
2015  76 13 23   -93
2015  76 13 24   -93
2015  76 13 25   -93
2015  76 13 26   -94
2015  76 13 27   -94
2015  76 13 28   -82
2015  76 13 29   -76
2015  76 13 30   -73
2015  76 13 31   -76
2015  76 13 32   -74
2015  76 13 33   -73
2015  76 13 34   -75
2015  76 13 35   -78
2015  76 13 36   -75
2015  76 13 37   -80
2015  76 13 38   -70
2015  76 13 39   -73
2015  76 13 40   -78
2015  76 13 41   -77
2015  76 13 42   -77
2015  76 13 43   -76
2015  76 13 44   -77
2015  76 13 45   -75
2015  76 13 46   -77
2015  76 13 47   -79
2015  76 13 48   -77
2015  76 13 49   -76
2015  76 13 50   -70
2015  76 13 51   -68
2015  76 13 52   -64
2015  76 13 53   -53
2015  76 13 54   -58
2015  76 13 55   -69
2015  76 13 56   -73
2015  76 13 57   -75
2015  76 13 58   -77
2015  76 13 59   -76
2015  76 14  0   -78
2015  76 14  1   -82
2015  76 14  2   -80
2015  76 14  3   -80
2015  76 14  4   -82
2015  76 14  5   -88
2015  76 14  6   -88
2015  76 14  7   -79
2015  76 14  8   -83
2015  76 14  9   -82
2015  76 14 10   -79
2015  76 14 11   -83
2015  76 14 12   -83
2015  76 14 13   -84
2015  76 14 14   -89
2015  76 14 15   -88
2015  76 14 16   -88
2015  76 14 17   -90
2015  76 14 18   -95
2015  76 14 19   -98
2015  76 14 20   -95
2015  76 14 21   -92
2015  76 14 22   -90
2015  76 14 23   -90
2015  76 14 24   -89
2015  76 14 25   -86
2015  76 14 26   -86
2015  76 14 27   -87
2015  76 14 28   -83
2015  76 14 29   -81
2015  76 14 30   -82
2015  76 14 31   -83
2015  76 14 32   -83
2015  76 14 33   -84
2015  76 14 34   -86
2015  76 14 35   -87
2015  76 14 36   -89
2015  76 14 37   -90
2015  76 14 38   -88
2015  76 14 39   -86
2015  76 14 40   -77
2015  76 14 41   -77
2015  76 14 42   -79
2015  76 14 43   -79
2015  76 14 44   -83
2015  76 14 45   -85
2015  76 14 46   -86
2015  76 14 47   -89
2015  76 14 48   -89
2015  76 14 49   -89
2015  76 14 50   -91
2015  76 14 51   -91
2015  76 14 52   -92
2015  76 14 53   -94
2015  76 14 54   -95
2015  76 14 55   -97
2015  76 14 56   -99
2015  76 14 57  -100
2015  76 14 58   -98
2015  76 14 59  -100
2015  76 15  0   -99
2015  76 15  1  -100
2015  76 15  2   -99
2015  76 15  3   -99
2015  76 15  4  -105
2015  76 15  5  -106
2015  76 15  6  -103
2015  76 15  7  -100
2015  76 15  8  -102
2015  76 15  9  -103
2015  76 15 10  -101
2015  76 15 11  -104
2015  76 15 12  -104
2015  76 15 13  -105
2015  76 15 14  -108
2015  76 15 15  -109
2015  76 15 16  -113
2015  76 15 17  -115
2015  76 15 18  -116
2015  76 15 19  -119
2015  76 15 20  -118
2015  76 15 21  -119
2015  76 15 22  -121
2015  76 15 23  -125
2015  76 15 24  -129
2015  76 15 25  -134
2015  76 15 26  -132
2015  76 15 27  -123
2015  76 15 28  -124
2015  76 15 29  -123
2015  76 15 30  -124
2015  76 15 31  -122
2015  76 15 32  -122
2015  76 15 33  -125
2015  76 15 34  -126
2015  76 15 35  -130
2015  76 15 36  -133
2015  76 15 37  -134
2015  76 15 38  -133
2015  76 15 39  -134
2015  76 15 40  -137
2015  76 15 41  -138
2015  76 15 42  -138
2015  76 15 43  -140
2015  76 15 44  -140
2015  76 15 45  -140
2015  76 15 46  -140
2015  76 15 47  -137
2015  76 15 48  -136
2015  76 15 49  -137
2015  76 15 50  -137
2015  76 15 51  -137
2015  76 15 52  -136
2015  76 15 53  -138
2015  76 15 54  -139
2015  76 15 55  -142
2015  76 15 56  -141
2015  76 15 57  -142
2015  76 15 58  -144
2015  76 15 59  -144
2015  76 16  0  -143
2015  76 16  1  -142
2015  76 16  2  -144
2015  76 16  3  -146
2015  76 16  4  -147
2015  76 16  5  -146
2015  76 16  6  -145
2015  76 16  7  -146
2015  76 16  8  -149
2015  76 16  9  -151
2015  76 16 10  -152
2015  76 16 11  -152
2015  76 16 12  -153
2015  76 16 13  -155
2015  76 16 14  -156
2015  76 16 15  -156
2015  76 16 16  -157
2015  76 16 17  -157
2015  76 16 18  -157
2015  76 16 19  -156
2015  76 16 20  -155
2015  76 16 21  -155
2015  76 16 22  -154
2015  76 16 23  -154
2015  76 16 24  -154
2015  76 16 25  -155
2015  76 16 26  -156
2015  76 16 27  -156
2015  76 16 28  -154
2015  76 16 29  -152
2015  76 16 30  -149
2015  76 16 31  -146
2015  76 16 32  -144
2015  76 16 33  -143
2015  76 16 34  -144
2015  76 16 35  -145
2015  76 16 36  -145
2015  76 16 37  -146
2015  76 16 38  -146
2015  76 16 39  -146
2015  76 16 40  -146
2015  76 16 41  -145
2015  76 16 42  -145
2015  76 16 43  -145
2015  76 16 44  -146
2015  76 16 45  -147
2015  76 16 46  -148
2015  76 16 47  -152
2015  76 16 48  -152
2015  76 16 49  -152
2015  76 16 50  -153
2015  76 16 51  -153
2015  76 16 52  -152
2015  76 16 53  -152
2015  76 16 54  -151
2015  76 16 55  -150
2015  76 16 56  -151
2015  76 16 57  -151
2015  76 16 58  -151
2015  76 16 59  -151
2015  76 17  0  -150
2015  76 17  1  -150
2015  76 17  2  -151
2015  76 17  3  -152
2015  76 17  4  -153
2015  76 17  5  -152
2015  76 17  6  -152
2015  76 17  7  -154
2015  76 17  8  -155
2015  76 17  9  -154
2015  76 17 10  -155
2015  76 17 11  -158
2015  76 17 12  -159
2015  76 17 13  -160
2015  76 17 14  -161
2015  76 17 15  -162
2015  76 17 16  -162
2015  76 17 17  -163
2015  76 17 18  -163
2015  76 17 19  -163
2015  76 17 20  -164
2015  76 17 21  -164
2015  76 17 22  -165
2015  76 17 23  -167
2015  76 17 24  -169
2015  76 17 25  -171
2015  76 17 26  -171
2015  76 17 27  -175
2015  76 17 28  -177
2015  76 17 29  -176
2015  76 17 30  -173
2015  76 17 31  -172
2015  76 17 32  -171
2015  76 17 33  -167
2015  76 17 34  -165
2015  76 17 35  -164
2015  76 17 36  -162
2015  76 17 37  -163
2015  76 17 38  -164
2015  76 17 39  -164
2015  76 17 40  -162
2015  76 17 41  -159
2015  76 17 42  -157
2015  76 17 43  -154
2015  76 17 44  -151
2015  76 17 45  -147
2015  76 17 46  -144
2015  76 17 47  -142
2015  76 17 48  -139
2015  76 17 49  -136
2015  76 17 50  -135
2015  76 17 51  -136
2015  76 17 52  -136
2015  76 17 53  -136
2015  76 17 54  -135
2015  76 17 55  -136
2015  76 17 56  -136
2015  76 17 57  -136
2015  76 17 58  -138
2015  76 17 59  -139
2015  76 18  0  -139
2015  76 18  1  -139
2015  76 18  2  -140
2015  76 18  3  -140
2015  76 18  4  -139
2015  76 18  5  -140
2015  76 18  6  -140
2015  76 18  7  -140
2015  76 18  8  -141
2015  76 18  9  -141
2015  76 18 10  -141
2015  76 18 11  -142
2015  76 18 12  -144
2015  76 18 13  -145
2015  76 18 14  -144
2015  76 18 15  -144
2015  76 18 16  -144
2015  76 18 17  -145
2015  76 18 18  -146
2015  76 18 19  -147
2015  76 18 20  -146
2015  76 18 21  -146
2015  76 18 22  -145
2015  76 18 23  -146
2015  76 18 24  -146
2015  76 18 25  -146
2015  76 18 26  -145
2015  76 18 27  -144
2015  76 18 28  -144
2015  76 18 29  -143
2015  76 18 30  -141
2015  76 18 31  -140
2015  76 18 32  -140
2015  76 18 33  -139
2015  76 18 34  -139
2015  76 18 35  -139
2015  76 18 36  -137
2015  76 18 37  -136
2015  76 18 38  -137
2015  76 18 39  -136
2015  76 18 40  -137
2015  76 18 41  -138
2015  76 18 42  -139
2015  76 18 43  -141
2015  76 18 44  -140
2015  76 18 45  -139
2015  76 18 46  -140
2015  76 18 47  -141
2015  76 18 48  -142
2015  76 18 49  -141
2015  76 18 50  -142
2015  76 18 51  -141
2015  76 18 52  -142
2015  76 18 53  -143
2015  76 18 54  -147
2015  76 18 55  -149
2015  76 18 56  -149
2015  76 18 57  -150
2015  76 18 58  -149
2015  76 18 59  -146
2015  76 19  0  -143
2015  76 19  1  -143
2015  76 19  2  -144
2015  76 19  3  -144
2015  76 19  4  -145
2015  76 19  5  -146
2015  76 19  6  -147
2015  76 19  7  -145
2015  76 19  8  -144
2015  76 19  9  -145
2015  76 19 10  -146
2015  76 19 11  -147
2015  76 19 12  -150
2015  76 19 13  -152
2015  76 19 14  -156
2015  76 19 15  -159
2015  76 19 16  -160
2015  76 19 17  -159
2015  76 19 18  -160
2015  76 19 19  -161
2015  76 19 20  -162
2015  76 19 21  -164
2015  76 19 22  -165
2015  76 19 23  -166
2015  76 19 24  -166
2015  76 19 25  -166
2015  76 19 26  -164
2015  76 19 27  -163
2015  76 19 28  -165
2015  76 19 29  -170
2015  76 19 30  -171
2015  76 19 31  -171
2015  76 19 32  -169
2015  76 19 33  -167
2015  76 19 34  -167
2015  76 19 35  -166
2015  76 19 36  -167
2015  76 19 37  -172
2015  76 19 38  -173
2015  76 19 39  -172
2015  76 19 40  -172
2015  76 19 41  -171
2015  76 19 42  -169
2015  76 19 43  -168
2015  76 19 44  -167
2015  76 19 45  -167
2015  76 19 46  -169
2015  76 19 47  -173
2015  76 19 48  -173
2015  76 19 49  -169
2015  76 19 50  -163
2015  76 19 51  -165
2015  76 19 52  -167
2015  76 19 53  -167
2015  76 19 54  -165
2015  76 19 55  -165
2015  76 19 56  -165
2015  76 19 57  -164
2015  76 19 58  -161
2015  76 19 59  -161
2015  76 20  0  -161
2015  76 20  1  -160
2015  76 20  2  -160
2015  76 20  3  -160
2015  76 20  4  -158
2015  76 20  5  -158
2015  76 20  6  -157
2015  76 20  7  -157
2015  76 20  8  -156
2015  76 20  9  -154
2015  76 20 10  -153
2015  76 20 11  -154
2015  76 20 12  -155
2015  76 20 13  -158
2015  76 20 14  -160
2015  76 20 15  -162
2015  76 20 16  -162
2015  76 20 17  -164
2015  76 20 18  -164
2015  76 20 19  -163
2015  76 20 20  -163
2015  76 20 21  -164
2015  76 20 22  -165
2015  76 20 23  -165
2015  76 20 24  -164
2015  76 20 25  -164
2015  76 20 26  -165
2015  76 20 27  -167
2015  76 20 28  -168
2015  76 20 29  -169
2015  76 20 30  -170
2015  76 20 31  -170
2015  76 20 32  -169
2015  76 20 33  -170
2015  76 20 34  -168
2015  76 20 35  -168
2015  76 20 36  -167
2015  76 20 37  -167
2015  76 20 38  -167
2015  76 20 39  -168
2015  76 20 40  -170
2015  76 20 41  -172
2015  76 20 42  -173
2015  76 20 43  -173
2015  76 20 44  -172
2015  76 20 45  -171
2015  76 20 46  -169
2015  76 20 47  -166
2015  76 20 48  -163
2015  76 20 49  -162
2015  76 20 50  -162
2015  76 20 51  -162
2015  76 20 52  -164
2015  76 20 53  -165
2015  76 20 54  -164
2015  76 20 55  -165
2015  76 20 56  -166
2015  76 20 57  -165
2015  76 20 58  -167
2015  76 20 59  -169
2015  76 21  0  -171
2015  76 21  1  -171
2015  76 21  2  -172
2015  76 21  3  -171
2015  76 21  4  -169
2015  76 21  5  -166
2015  76 21  6  -164
2015  76 21  7  -164
2015  76 21  8  -165
2015  76 21  9  -165
2015  76 21 10  -166
2015  76 21 11  -166
2015  76 21 12  -167
2015  76 21 13  -167
2015  76 21 14  -171
2015  76 21 15  -172
2015  76 21 16  -173
2015  76 21 17  -175
2015  76 21 18  -176
2015  76 21 19  -176
2015  76 21 20  -174
2015  76 21 21  -174
2015  76 21 22  -175
2015  76 21 23  -177
2015  76 21 24  -180
2015  76 21 25  -180
2015  76 21 26  -180
2015  76 21 27  -179
2015  76 21 28  -178
2015  76 21 29  -178
2015  76 21 30  -177
2015  76 21 31  -177
2015  76 21 32  -177
2015  76 21 33  -177
2015  76 21 34  -179
2015  76 21 35  -180
2015  76 21 36  -182
2015  76 21 37  -183
2015  76 21 38  -183
2015  76 21 39  -184
2015  76 21 40  -183
2015  76 21 41  -183
2015  76 21 42  -184
2015  76 21 43  -186
2015  76 21 44  -187
2015  76 21 45  -189
2015  76 21 46  -190
2015  76 21 47  -191
2015  76 21 48  -193
2015  76 21 49  -194
2015  76 21 50  -194
2015  76 21 51  -194
2015  76 21 52  -193
2015  76 21 53  -194
2015  76 21 54  -194
2015  76 21 55  -192
2015  76 21 56  -192
2015  76 21 57  -192
2015  76 21 58  -193
2015  76 21 59  -195
2015  76 22  0  -196
2015  76 22  1  -197
2015  76 22  2  -199
2015  76 22  3  -199
2015  76 22  4  -199
2015  76 22  5  -200
2015  76 22  6  -200
2015  76 22  7  -201
2015  76 22  8  -201
2015  76 22  9  -201
2015  76 22 10  -201
2015  76 22 11  -202
2015  76 22 12  -202
2015  76 22 13  -202
2015  76 22 14  -203
2015  76 22 15  -204
2015  76 22 16  -206
2015  76 22 17  -207
2015  76 22 18  -209
2015  76 22 19  -211
2015  76 22 20  -212
2015  76 22 21  -213
2015  76 22 22  -213
2015  76 22 23  -212
2015  76 22 24  -213
2015  76 22 25  -212
2015  76 22 26  -212
2015  76 22 27  -212
2015  76 22 28  -212
2015  76 22 29  -213
2015  76 22 30  -215
2015  76 22 31  -214
2015  76 22 32  -215
2015  76 22 33  -215
2015  76 22 34  -216
2015  76 22 35  -217
2015  76 22 36  -218
2015  76 22 37  -219
2015  76 22 38  -221
2015  76 22 39  -222
2015  76 22 40  -224
2015  76 22 41  -225
2015  76 22 42  -224
2015  76 22 43  -227
2015  76 22 44  -231
2015  76 22 45  -233
2015  76 22 46  -233
2015  76 22 47  -234
2015  76 22 48  -233
2015  76 22 49  -231
2015  76 22 50  -231
2015  76 22 51  -231
2015  76 22 52  -230
2015  76 22 53  -230
2015  76 22 54  -229
2015  76 22 55  -229
2015  76 22 56  -228
2015  76 22 57  -229
2015  76 22 58  -229
2015  76 22 59  -230
2015  76 23  0  -231
2015  76 23  1  -230
2015  76 23  2  -230
2015  76 23  3  -230
2015  76 23  4  -231
2015  76 23  5  -232
2015  76 23  6  -231
2015  76 23  7  -228
2015  76 23  8  -219
2015  76 23  9  -219
2015  76 23 10  -215
2015  76 23 11  -214
2015  76 23 12  -211
2015  76 23 13  -211
2015  76 23 14  -213
2015  76 23 15  -215
2015  76 23 16  -219
2015  76 23 17  -223
2015  76 23 18  -224
2015  76 23 19  -222
2015  76 23 20  -219
2015  76 23 21  -218
2015  76 23 22  -215
2015  76 23 23  -212
2015  76 23 24  -209
2015  76 23 25  -207
2015  76 23 26  -203
2015  76 23 27  -199
2015  76 23 28  -198
2015  76 23 29  -198
2015  76 23 30  -199
2015  76 23 31  -199
2015  76 23 32  -199
2015  76 23 33  -198
2015  76 23 34  -198
2015  76 23 35  -199
2015  76 23 36  -200
2015  76 23 37  -199
2015  76 23 38  -199
2015  76 23 39  -198
2015  76 23 40  -198
2015  76 23 41  -199
2015  76 23 42  -198
2015  76 23 43  -197
2015  76 23 44  -197
2015  76 23 45  -198
2015  76 23 46  -198
2015  76 23 47  -197
2015  76 23 48  -197
2015  76 23 49  -197
2015  76 23 50  -198
2015  76 23 51  -197
2015  76 23 52  -198
2015  76 23 53  -198
2015  76 23 54  -199
2015  76 23 55  -200
2015  76 23 56  -199
2015  76 23 57  -200
2015  76 23 58  -200
2015  76 23 59  -200
2015  77  0  0  -185
2015  77  0  1  -185
2015  77  0  2  -185
2015  77  0  3  -184
2015  77  0  4  -185
2015  77  0  5  -185
2015  77  0  6  -186
2015  77  0  7  -186
2015  77  0  8  -187
2015  77  0  9  -186
2015  77  0 10  -184
2015  77  0 11  -183
2015  77  0 12  -179
2015  77  0 13  -174
2015  77  0 14  -172
2015  77  0 15  -170
2015  77  0 16  -169
2015  77  0 17  -170
2015  77  0 18  -170
2015  77  0 19  -170
2015  77  0 20  -171
2015  77  0 21  -171
2015  77  0 22  -170
2015  77  0 23  -173
2015  77  0 24  -172
2015  77  0 25  -170
2015  77  0 26  -169
2015  77  0 27  -168
2015  77  0 28  -168
2015  77  0 29  -169
2015  77  0 30  -169
2015  77  0 31  -170
2015  77  0 32  -170
2015  77  0 33  -171
2015  77  0 34  -171
2015  77  0 35  -170
2015  77  0 36  -171
2015  77  0 37  -172
2015  77  0 38  -173
2015  77  0 39  -174
2015  77  0 40  -175
2015  77  0 41  -174
2015  77  0 42  -174
2015  77  0 43  -174
2015  77  0 44  -175
2015  77  0 45  -177
2015  77  0 46  -178
2015  77  0 47  -178
2015  77  0 48  -177
2015  77  0 49  -176
2015  77  0 50  -176
2015  77  0 51  -175
2015  77  0 52  -174
2015  77  0 53  -173
2015  77  0 54  -173
2015  77  0 55  -173
2015  77  0 56  -173
2015  77  0 57  -173
2015  77  0 58  -173
2015  77  0 59  -173
2015  77  1  0  -173
2015  77  1  1  -172
2015  77  1  2  -171
2015  77  1  3  -171
2015  77  1  4  -170
2015  77  1  5  -169
2015  77  1  6  -169
2015  77  1  7  -169
2015  77  1  8  -169
2015  77  1  9  -169
2015  77  1 10  -169
2015  77  1 11  -169
2015  77  1 12  -169
2015  77  1 13  -169
2015  77  1 14  -170
2015  77  1 15  -169
2015  77  1 16  -169
2015  77  1 17  -168
2015  77  1 18  -168
2015  77  1 19  -167
2015  77  1 20  -166
2015  77  1 21  -166
2015  77  1 22  -166
2015  77  1 23  -165
2015  77  1 24  -165
2015  77  1 25  -164
2015  77  1 26  -164
2015  77  1 27  -164
2015  77  1 28  -164
2015  77  1 29  -164
2015  77  1 30  -164
2015  77  1 31  -164
2015  77  1 32  -163
2015  77  1 33  -163
2015  77  1 34  -162
2015  77  1 35  -162
2015  77  1 36  -162
2015  77  1 37  -162
2015  77  1 38  -162
2015  77  1 39  -162
2015  77  1 40  -162
2015  77  1 41  -161
2015  77  1 42  -161
2015  77  1 43  -161
2015  77  1 44  -161
2015  77  1 45  -160
2015  77  1 46  -160
2015  77  1 47  -160
2015  77  1 48  -160
2015  77  1 49  -160
2015  77  1 50  -160
2015  77  1 51  -160
2015  77  1 52  -159
2015  77  1 53  -159
2015  77  1 54  -159
2015  77  1 55  -160
2015  77  1 56  -159
2015  77  1 57  -160
2015  77  1 58  -160
2015  77  1 59  -159
2015  77  2  0  -159
2015  77  2  1  -158
2015  77  2  2  -157
2015  77  2  3  -157
2015  77  2  4  -157
2015  77  2  5  -157
2015  77  2  6  -157
2015  77  2  7  -157
2015  77  2  8  -157
2015  77  2  9  -156
2015  77  2 10  -155
2015  77  2 11  -154
2015  77  2 12  -153
2015  77  2 13  -152
2015  77  2 14  -151
2015  77  2 15  -151
2015  77  2 16  -150
2015  77  2 17  -150
2015  77  2 18  -150
2015  77  2 19  -149
2015  77  2 20  -148
2015  77  2 21  -148
2015  77  2 22  -148
2015  77  2 23  -148
2015  77  2 24  -148
2015  77  2 25  -147
2015  77  2 26  -147
2015  77  2 27  -147
2015  77  2 28  -146
2015  77  2 29  -145
2015  77  2 30  -145
2015  77  2 31  -144
2015  77  2 32  -143
2015  77  2 33  -143
2015  77  2 34  -143
2015  77  2 35  -143
2015  77  2 36  -143
2015  77  2 37  -143
2015  77  2 38  -144
2015  77  2 39  -144
2015  77  2 40  -144
2015  77  2 41  -145
2015  77  2 42  -144
2015  77  2 43  -144
2015  77  2 44  -144
2015  77  2 45  -144
2015  77  2 46  -144
2015  77  2 47  -144
2015  77  2 48  -144
2015  77  2 49  -143
2015  77  2 50  -144
2015  77  2 51  -144
2015  77  2 52  -144
2015  77  2 53  -144
2015  77  2 54  -144
2015  77  2 55  -144
2015  77  2 56  -144
2015  77  2 57  -144
2015  77  2 58  -143
2015  77  2 59  -143
2015  77  3  0  -142
2015  77  3  1  -142
2015  77  3  2  -141
2015  77  3  3  -141
2015  77  3  4  -141
2015  77  3  5  -140
2015  77  3  6  -140
2015  77  3  7  -139
2015  77  3  8  -137
2015  77  3  9  -136
2015  77  3 10  -136
2015  77  3 11  -135
2015  77  3 12  -134
2015  77  3 13  -134
2015  77  3 14  -134
2015  77  3 15  -135
2015  77  3 16  -135
2015  77  3 17  -135
2015  77  3 18  -135
2015  77  3 19  -135
2015  77  3 20  -136
2015  77  3 21  -135
2015  77  3 22  -134
2015  77  3 23  -133
2015  77  3 24  -133
2015  77  3 25  -132
2015  77  3 26  -131
2015  77  3 27  -131
2015  77  3 28  -130
2015  77  3 29  -129
2015  77  3 30  -130
2015  77  3 31  -130
2015  77  3 32  -130
2015  77  3 33  -130
2015  77  3 34  -130
2015  77  3 35  -130
2015  77  3 36  -130
2015  77  3 37  -130
2015  77  3 38  -130
2015  77  3 39  -130
2015  77  3 40  -130
2015  77  3 41  -130
2015  77  3 42  -129
2015  77  3 43  -129
2015  77  3 44  -129
2015  77  3 45  -129
2015  77  3 46  -128
2015  77  3 47  -128
2015  77  3 48  -128
2015  77  3 49  -128
2015  77  3 50  -128
2015  77  3 51  -128
2015  77  3 52  -128
2015  77  3 53  -128
2015  77  3 54  -128
2015  77  3 55  -129
2015  77  3 56  -129
2015  77  3 57  -129
2015  77  3 58  -129
2015  77  3 59  -128
2015  77  4  0  -128
2015  77  4  1  -127
2015  77  4  2  -127
2015  77  4  3  -128
2015  77  4  4  -128
2015  77  4  5  -128
2015  77  4  6  -128
2015  77  4  7  -128
2015  77  4  8  -127
2015  77  4  9  -127
2015  77  4 10  -127
2015  77  4 11  -126
2015  77  4 12  -127
2015  77  4 13  -127
2015  77  4 14  -128
2015  77  4 15  -128
2015  77  4 16  -128
2015  77  4 17  -129
2015  77  4 18  -128
2015  77  4 19  -128
2015  77  4 20  -128
2015  77  4 21  -128
2015  77  4 22  -127
2015  77  4 23  -126
2015  77  4 24  -126
2015  77  4 25  -126
2015  77  4 26  -126
2015  77  4 27  -127
2015  77  4 28  -127
2015  77  4 29  -126
2015  77  4 30  -126
2015  77  4 31  -126
2015  77  4 32  -126
2015  77  4 33  -125
2015  77  4 34  -125
2015  77  4 35  -125
2015  77  4 36  -124
2015  77  4 37  -125
2015  77  4 38  -124
2015  77  4 39  -124
2015  77  4 40  -124
2015  77  4 41  -124
2015  77  4 42  -124
2015  77  4 43  -123
2015  77  4 44  -122
2015  77  4 45  -122
2015  77  4 46  -121
2015  77  4 47  -121
2015  77  4 48  -120
2015  77  4 49  -120
2015  77  4 50  -120
2015  77  4 51  -120
2015  77  4 52  -119
2015  77  4 53  -119
2015  77  4 54  -119
2015  77  4 55  -118
2015  77  4 56  -118
2015  77  4 57  -117
2015  77  4 58  -117
2015  77  4 59  -115
2015  77  5  0  -114
2015  77  5  1  -113
2015  77  5  2  -113
2015  77  5  3  -112
2015  77  5  4  -111
2015  77  5  5  -111
2015  77  5  6  -112
2015  77  5  7  -112
2015  77  5  8  -112
2015  77  5  9  -112
2015  77  5 10  -113
2015  77  5 11  -113
2015  77  5 12  -113
2015  77  5 13  -113
2015  77  5 14  -112
2015  77  5 15  -112
2015  77  5 16  -111
2015  77  5 17  -111
2015  77  5 18  -110
2015  77  5 19  -111
2015  77  5 20  -111
2015  77  5 21  -111
2015  77  5 22  -110
2015  77  5 23  -110
2015  77  5 24  -109
2015  77  5 25  -108
2015  77  5 26  -106
2015  77  5 27  -103
2015  77  5 28  -101
2015  77  5 29  -100
2015  77  5 30  -100
2015  77  5 31  -100
2015  77  5 32  -102
2015  77  5 33  -102
2015  77  5 34  -102
2015  77  5 35  -102
2015  77  5 36  -102
2015  77  5 37  -102
2015  77  5 38  -103
2015  77  5 39  -103
2015  77  5 40  -103
2015  77  5 41  -104
2015  77  5 42  -104
2015  77  5 43  -104
2015  77  5 44  -105
2015  77  5 45  -106
2015  77  5 46  -106
2015  77  5 47  -107
2015  77  5 48  -107
2015  77  5 49  -107
2015  77  5 50  -108
2015  77  5 51  -109
2015  77  5 52  -109
2015  77  5 53  -110
2015  77  5 54  -111
2015  77  5 55  -112
2015  77  5 56  -112
2015  77  5 57  -112
2015  77  5 58  -112
2015  77  5 59  -113
2015  77  6  0  -113
2015  77  6  1  -112
2015  77  6  2  -112
2015  77  6  3  -112
2015  77  6  4  -111
2015  77  6  5  -111
2015  77  6  6  -111
2015  77  6  7  -111
2015  77  6  8  -110
2015  77  6  9  -110
2015  77  6 10  -109
2015  77  6 11  -109
2015  77  6 12  -109
2015  77  6 13  -109
2015  77  6 14  -108
2015  77  6 15  -108
2015  77  6 16  -108
2015  77  6 17  -107
2015  77  6 18  -107
2015  77  6 19  -106
2015  77  6 20  -106
2015  77  6 21  -106
2015  77  6 22  -105
2015  77  6 23  -105
2015  77  6 24  -104
2015  77  6 25  -104
2015  77  6 26  -104
2015  77  6 27  -104
2015  77  6 28  -104
2015  77  6 29  -104
2015  77  6 30  -105
2015  77  6 31  -104
2015  77  6 32  -104
2015  77  6 33  -105
2015  77  6 34  -105
2015  77  6 35  -105
2015  77  6 36  -105
2015  77  6 37  -104
2015  77  6 38  -104
2015  77  6 39  -104
2015  77  6 40  -103
2015  77  6 41  -103
2015  77  6 42  -102
2015  77  6 43  -102
2015  77  6 44  -101
2015  77  6 45  -101
2015  77  6 46  -100
2015  77  6 47  -100
2015  77  6 48  -100
2015  77  6 49  -100
2015  77  6 50  -101
2015  77  6 51  -100
2015  77  6 52  -101
2015  77  6 53  -100
2015  77  6 54  -100
2015  77  6 55   -99
2015  77  6 56   -99
2015  77  6 57   -98
2015  77  6 58   -99
2015  77  6 59   -98
2015  77  7  0   -99
2015  77  7  1   -98
2015  77  7  2   -97
2015  77  7  3   -96
2015  77  7  4   -96
2015  77  7  5   -95
2015  77  7  6   -95
2015  77  7  7   -94
2015  77  7  8   -93
2015  77  7  9   -93
2015  77  7 10   -92
2015  77  7 11   -93
2015  77  7 12   -93
2015  77  7 13   -93
2015  77  7 14   -93
2015  77  7 15   -94
2015  77  7 16   -94
2015  77  7 17   -95
2015  77  7 18   -95
2015  77  7 19   -95
2015  77  7 20   -96
2015  77  7 21   -95
2015  77  7 22   -95
2015  77  7 23   -94
2015  77  7 24   -93
2015  77  7 25   -93
2015  77  7 26   -92
2015  77  7 27   -92
2015  77  7 28   -91
2015  77  7 29   -92
2015  77  7 30   -92
2015  77  7 31   -92
2015  77  7 32   -92
2015  77  7 33   -93
2015  77  7 34   -93
2015  77  7 35   -93
2015  77  7 36   -92
2015  77  7 37   -92
2015  77  7 38   -91
2015  77  7 39   -90
2015  77  7 40   -90
2015  77  7 41   -89
2015  77  7 42   -90
2015  77  7 43   -89
2015  77  7 44   -88
2015  77  7 45   -88
2015  77  7 46   -88
2015  77  7 47   -88
2015  77  7 48   -88
2015  77  7 49   -90
2015  77  7 50   -92
2015  77  7 51   -94
2015  77  7 52   -94
2015  77  7 53   -94
2015  77  7 54   -95
2015  77  7 55   -95
2015  77  7 56   -95
2015  77  7 57   -95
2015  77  7 58   -96
2015  77  7 59   -96
2015  77  8  0   -97
2015  77  8  1   -97
2015  77  8  2   -97
2015  77  8  3   -97
2015  77  8  4   -97
2015  77  8  5   -97
2015  77  8  6   -97
2015  77  8  7   -98
2015  77  8  8   -98
2015  77  8  9   -99
2015  77  8 10   -99
2015  77  8 11   -99
2015  77  8 12  -100
2015  77  8 13  -100
2015  77  8 14  -101
2015  77  8 15  -102
2015  77  8 16  -103
2015  77  8 17  -103
2015  77  8 18  -104
2015  77  8 19  -103
2015  77  8 20  -103
2015  77  8 21  -102
2015  77  8 22  -102
2015  77  8 23  -102
2015  77  8 24  -102
2015  77  8 25  -101
2015  77  8 26  -101
2015  77  8 27  -100
2015  77  8 28  -100
2015  77  8 29  -100
2015  77  8 30   -99
2015  77  8 31   -99
2015  77  8 32   -98
2015  77  8 33   -98
2015  77  8 34   -97
2015  77  8 35   -97
2015  77  8 36   -96
2015  77  8 37   -96
2015  77  8 38   -96
2015  77  8 39   -96
2015  77  8 40   -97
2015  77  8 41   -97
2015  77  8 42   -97
2015  77  8 43   -97
2015  77  8 44   -97
2015  77  8 45   -96
2015  77  8 46   -96
2015  77  8 47   -95
2015  77  8 48   -94
2015  77  8 49   -93
2015  77  8 50   -93
2015  77  8 51   -92
2015  77  8 52   -92
2015  77  8 53   -91
2015  77  8 54   -90
2015  77  8 55   -90
2015  77  8 56   -90
2015  77  8 57   -90
2015  77  8 58   -89
2015  77  8 59   -89
2015  77  9  0   -89
2015  77  9  1   -89
2015  77  9  2   -89
2015  77  9  3   -89
2015  77  9  4   -90
2015  77  9  5   -90
2015  77  9  6   -91
2015  77  9  7   -91
2015  77  9  8   -91
2015  77  9  9   -91
2015  77  9 10   -91
2015  77  9 11   -91
2015  77  9 12   -90
2015  77  9 13   -90
2015  77  9 14   -90
2015  77  9 15   -90
2015  77  9 16   -89
2015  77  9 17   -89
2015  77  9 18   -89
2015  77  9 19   -88
2015  77  9 20   -88
2015  77  9 21   -88
2015  77  9 22   -88
2015  77  9 23   -88
2015  77  9 24   -89
2015  77  9 25   -89
2015  77  9 26   -89
2015  77  9 27   -89
2015  77  9 28   -89
2015  77  9 29   -89
2015  77  9 30   -89
2015  77  9 31   -88
2015  77  9 32   -89
2015  77  9 33   -89
2015  77  9 34   -90
2015  77  9 35   -90
2015  77  9 36   -91
2015  77  9 37   -91
2015  77  9 38   -91
2015  77  9 39   -91
2015  77  9 40   -91
2015  77  9 41   -91
2015  77  9 42   -91
2015  77  9 43   -91
2015  77  9 44   -90
2015  77  9 45   -90
2015  77  9 46   -91
2015  77  9 47   -90
2015  77  9 48   -91
2015  77  9 49   -90
2015  77  9 50   -90
2015  77  9 51   -90
2015  77  9 52   -89
2015  77  9 53   -89
2015  77  9 54   -88
2015  77  9 55   -88
2015  77  9 56   -89
2015  77  9 57   -89
2015  77  9 58   -90
2015  77  9 59   -91
2015  77 10  0   -91
2015  77 10  1   -92
2015  77 10  2   -91
2015  77 10  3   -91
2015  77 10  4   -91
2015  77 10  5   -92
2015  77 10  6   -91
2015  77 10  7   -91
2015  77 10  8   -91
2015  77 10  9   -91
2015  77 10 10   -92
2015  77 10 11   -92
2015  77 10 12   -93
2015  77 10 13   -93
2015  77 10 14   -93
2015  77 10 15   -93
2015  77 10 16   -92
2015  77 10 17   -91
2015  77 10 18   -89
2015  77 10 19   -89
2015  77 10 20   -90
2015  77 10 21   -90
2015  77 10 22   -90
2015  77 10 23   -90
2015  77 10 24   -90
2015  77 10 25   -90
2015  77 10 26   -90
2015  77 10 27   -90
2015  77 10 28   -91
2015  77 10 29   -90
2015  77 10 30   -90
2015  77 10 31   -89
2015  77 10 32   -89
2015  77 10 33   -88
2015  77 10 34   -87
2015  77 10 35   -87
2015  77 10 36   -87
2015  77 10 37   -87
2015  77 10 38   -86
2015  77 10 39   -85
2015  77 10 40   -84
2015  77 10 41   -83
2015  77 10 42   -82
2015  77 10 43   -82
2015  77 10 44   -81
2015  77 10 45   -81
2015  77 10 46   -81
2015  77 10 47   -80
2015  77 10 48   -79
2015  77 10 49   -78
2015  77 10 50   -77
2015  77 10 51   -75
2015  77 10 52   -74
2015  77 10 53   -74
2015  77 10 54   -73
2015  77 10 55   -73
2015  77 10 56   -72
2015  77 10 57   -71
2015  77 10 58   -70
2015  77 10 59   -69
2015  77 11  0   -69
2015  77 11  1   -69
2015  77 11  2   -69
2015  77 11  3   -69
2015  77 11  4   -70
2015  77 11  5   -71
2015  77 11  6   -70
2015  77 11  7   -69
2015  77 11  8   -68
2015  77 11  9   -67
2015  77 11 10   -67
2015  77 11 11   -67
2015  77 11 12   -68
2015  77 11 13   -69
2015  77 11 14   -70
2015  77 11 15   -70
2015  77 11 16   -71
2015  77 11 17   -72
2015  77 11 18   -73
2015  77 11 19   -73
2015  77 11 20   -74
2015  77 11 21   -75
2015  77 11 22   -75
2015  77 11 23   -76
2015  77 11 24   -76
2015  77 11 25   -77
2015  77 11 26   -78
2015  77 11 27   -79
2015  77 11 28   -78
2015  77 11 29   -78
2015  77 11 30   -78
2015  77 11 31   -79
2015  77 11 32   -80
2015  77 11 33   -80
2015  77 11 34   -80
2015  77 11 35   -80
2015  77 11 36   -80
2015  77 11 37   -80
2015  77 11 38   -79
2015  77 11 39   -79
2015  77 11 40   -79
2015  77 11 41   -80
2015  77 11 42   -80
2015  77 11 43   -79
2015  77 11 44   -79
2015  77 11 45   -78
2015  77 11 46   -78
2015  77 11 47   -77
2015  77 11 48   -78
2015  77 11 49   -78
2015  77 11 50   -78
2015  77 11 51   -78
2015  77 11 52   -78
2015  77 11 53   -78
2015  77 11 54   -79
2015  77 11 55   -79
2015  77 11 56   -79
2015  77 11 57   -79
2015  77 11 58   -79
2015  77 11 59   -79
2015  77 12  0   -78
2015  77 12  1   -77
2015  77 12  2   -76
2015  77 12  3   -76
2015  77 12  4   -76
2015  77 12  5   -75
2015  77 12  6   -74
2015  77 12  7   -74
2015  77 12  8   -73
2015  77 12  9   -73
2015  77 12 10   -73
2015  77 12 11   -73
2015  77 12 12   -74
2015  77 12 13   -74
2015  77 12 14   -74
2015  77 12 15   -75
2015  77 12 16   -75
2015  77 12 17   -76
2015  77 12 18   -76
2015  77 12 19   -75
2015  77 12 20   -76
2015  77 12 21   -75
2015  77 12 22   -75
2015  77 12 23   -75
2015  77 12 24   -75
2015  77 12 25   -75
2015  77 12 26   -75
2015  77 12 27   -76
2015  77 12 28   -75
2015  77 12 29   -75
2015  77 12 30   -75
2015  77 12 31   -75
2015  77 12 32   -75
2015  77 12 33   -75
2015  77 12 34   -75
2015  77 12 35   -76
2015  77 12 36   -75
2015  77 12 37   -76
2015  77 12 38   -76
2015  77 12 39   -76
2015  77 12 40   -75
2015  77 12 41   -75
2015  77 12 42   -76
2015  77 12 43   -76
2015  77 12 44   -75
2015  77 12 45   -75
2015  77 12 46   -75
2015  77 12 47   -75
2015  77 12 48   -74
2015  77 12 49   -74
2015  77 12 50   -74
2015  77 12 51   -73
2015  77 12 52   -74
2015  77 12 53   -72
2015  77 12 54   -72
2015  77 12 55   -71
2015  77 12 56   -70
2015  77 12 57   -70
2015  77 12 58   -69
2015  77 12 59   -69
2015  77 13  0   -69
2015  77 13  1   -69
2015  77 13  2   -70
2015  77 13  3   -71
2015  77 13  4   -72
2015  77 13  5   -72
2015  77 13  6   -73
2015  77 13  7   -73
2015  77 13  8   -73
2015  77 13  9   -72
2015  77 13 10   -71
2015  77 13 11   -70
2015  77 13 12   -71
2015  77 13 13   -71
2015  77 13 14   -71
2015  77 13 15   -70
2015  77 13 16   -70
2015  77 13 17   -71
2015  77 13 18   -71
2015  77 13 19   -72
2015  77 13 20   -72
2015  77 13 21   -72
2015  77 13 22   -72
2015  77 13 23   -72
2015  77 13 24   -72
2015  77 13 25   -71
2015  77 13 26   -70
2015  77 13 27   -70
2015  77 13 28   -70
2015  77 13 29   -70
2015  77 13 30   -70
2015  77 13 31   -69
2015  77 13 32   -69
2015  77 13 33   -69
2015  77 13 34   -68
2015  77 13 35   -69
2015  77 13 36   -69
2015  77 13 37   -70
2015  77 13 38   -70
2015  77 13 39   -70
2015  77 13 40   -70
2015  77 13 41   -70
2015  77 13 42   -69
2015  77 13 43   -69
2015  77 13 44   -69
2015  77 13 45   -70
2015  77 13 46   -70
2015  77 13 47   -70
2015  77 13 48   -70
2015  77 13 49   -70
2015  77 13 50   -69
2015  77 13 51   -69
2015  77 13 52   -69
2015  77 13 53   -69
2015  77 13 54   -69
2015  77 13 55   -69
2015  77 13 56   -69
2015  77 13 57   -69
2015  77 13 58   -69
2015  77 13 59   -69
2015  77 14  0   -68
2015  77 14  1   -68
2015  77 14  2   -69
2015  77 14  3   -68
2015  77 14  4   -68
2015  77 14  5   -68
2015  77 14  6   -68
2015  77 14  7   -68
2015  77 14  8   -67
2015  77 14  9   -67
2015  77 14 10   -66
2015  77 14 11   -66
2015  77 14 12   -66
2015  77 14 13   -67
2015  77 14 14   -67
2015  77 14 15   -66
2015  77 14 16   -66
2015  77 14 17   -66
2015  77 14 18   -66
2015  77 14 19   -66
2015  77 14 20   -67
2015  77 14 21   -67
2015  77 14 22   -68
2015  77 14 23   -68
2015  77 14 24   -69
2015  77 14 25   -70
2015  77 14 26   -71
2015  77 14 27   -71
2015  77 14 28   -71
2015  77 14 29   -72
2015  77 14 30   -74
2015  77 14 31   -75
2015  77 14 32   -75
2015  77 14 33   -75
2015  77 14 34   -74
2015  77 14 35   -75
2015  77 14 36   -76
2015  77 14 37   -76
2015  77 14 38   -76
2015  77 14 39   -77
2015  77 14 40   -78
2015  77 14 41   -77
2015  77 14 42   -77
2015  77 14 43   -78
2015  77 14 44   -79
2015  77 14 45   -80
2015  77 14 46   -80
2015  77 14 47   -80
2015  77 14 48   -80
2015  77 14 49   -81
2015  77 14 50   -81
2015  77 14 51   -81
2015  77 14 52   -82
2015  77 14 53   -82
2015  77 14 54   -83
2015  77 14 55   -82
2015  77 14 56   -83
2015  77 14 57   -83
2015  77 14 58   -83
2015  77 14 59   -83
2015  77 15  0   -83
2015  77 15  1   -81
2015  77 15  2   -81
2015  77 15  3   -80
2015  77 15  4   -80
2015  77 15  5   -78
2015  77 15  6   -77
2015  77 15  7   -75
2015  77 15  8   -74
2015  77 15  9   -73
2015  77 15 10   -73
2015  77 15 11   -72
2015  77 15 12   -71
2015  77 15 13   -69
2015  77 15 14   -68
2015  77 15 15   -67
2015  77 15 16   -66
2015  77 15 17   -66
2015  77 15 18   -66
2015  77 15 19   -65
2015  77 15 20   -65
2015  77 15 21   -65
2015  77 15 22   -65
2015  77 15 23   -65
2015  77 15 24   -65
2015  77 15 25   -65
2015  77 15 26   -65
2015  77 15 27   -65
2015  77 15 28   -65
2015  77 15 29   -64
2015  77 15 30   -63
2015  77 15 31   -63
2015  77 15 32   -63
2015  77 15 33   -63
2015  77 15 34   -63
2015  77 15 35   -63
2015  77 15 36   -64
2015  77 15 37   -64
2015  77 15 38   -64
2015  77 15 39   -63
2015  77 15 40   -63
2015  77 15 41   -63
2015  77 15 42   -63
2015  77 15 43   -64
2015  77 15 44   -64
2015  77 15 45   -64
2015  77 15 46   -66
2015  77 15 47   -66
2015  77 15 48   -65
2015  77 15 49   -65
2015  77 15 50   -65
2015  77 15 51   -65
2015  77 15 52   -63
2015  77 15 53   -63
2015  77 15 54   -63
2015  77 15 55   -63
2015  77 15 56   -62
2015  77 15 57   -62
2015  77 15 58   -62
2015  77 15 59   -62
2015  77 16  0   -61
2015  77 16  1   -61
2015  77 16  2   -61
2015  77 16  3   -61
2015  77 16  4   -61
2015  77 16  5   -60
2015  77 16  6   -60
2015  77 16  7   -60
2015  77 16  8   -59
2015  77 16  9   -59
2015  77 16 10   -59
2015  77 16 11   -59
2015  77 16 12   -58
2015  77 16 13   -58
2015  77 16 14   -58
2015  77 16 15   -58
2015  77 16 16   -58
2015  77 16 17   -58
2015  77 16 18   -59
2015  77 16 19   -59
2015  77 16 20   -60
2015  77 16 21   -58
2015  77 16 22   -57
2015  77 16 23   -57
2015  77 16 24   -57
2015  77 16 25   -56
2015  77 16 26   -56
2015  77 16 27   -56
2015  77 16 28   -57
2015  77 16 29   -58
2015  77 16 30   -58
2015  77 16 31   -58
2015  77 16 32   -59
2015  77 16 33   -58
2015  77 16 34   -58
2015  77 16 35   -58
2015  77 16 36   -57
2015  77 16 37   -56
2015  77 16 38   -55
2015  77 16 39   -53
2015  77 16 40   -53
2015  77 16 41   -53
2015  77 16 42   -53
2015  77 16 43   -52
2015  77 16 44   -52
2015  77 16 45   -52
2015  77 16 46   -53
2015  77 16 47   -54
2015  77 16 48   -54
2015  77 16 49   -54
2015  77 16 50   -54
2015  77 16 51   -54
2015  77 16 52   -54
2015  77 16 53   -54
2015  77 16 54   -55
2015  77 16 55   -55
2015  77 16 56   -55
2015  77 16 57   -55
2015  77 16 58   -55
2015  77 16 59   -55
2015  77 17  0   -54
2015  77 17  1   -54
2015  77 17  2   -54
2015  77 17  3   -54
2015  77 17  4   -53
2015  77 17  5   -53
2015  77 17  6   -53
2015  77 17  7   -52
2015  77 17  8   -52
2015  77 17  9   -53
2015  77 17 10   -53
2015  77 17 11   -52
2015  77 17 12   -52
2015  77 17 13   -52
2015  77 17 14   -52
2015  77 17 15   -53
2015  77 17 16   -53
2015  77 17 17   -54
2015  77 17 18   -55
2015  77 17 19   -54
2015  77 17 20   -53
2015  77 17 21   -52
2015  77 17 22   -53
2015  77 17 23   -54
2015  77 17 24   -54
2015  77 17 25   -54
2015  77 17 26   -54
2015  77 17 27   -54
2015  77 17 28   -55
2015  77 17 29   -54
2015  77 17 30   -54
2015  77 17 31   -53
2015  77 17 32   -53
2015  77 17 33   -53
2015  77 17 34   -53
2015  77 17 35   -52
2015  77 17 36   -51
2015  77 17 37   -52
2015  77 17 38   -51
2015  77 17 39   -51
2015  77 17 40   -51
2015  77 17 41   -51
2015  77 17 42   -52
2015  77 17 43   -53
2015  77 17 44   -53
2015  77 17 45   -52
2015  77 17 46   -54
2015  77 17 47   -56
2015  77 17 48   -55
2015  77 17 49   -54
2015  77 17 50   -52
2015  77 17 51   -51
2015  77 17 52   -50
2015  77 17 53   -50
2015  77 17 54   -49
2015  77 17 55   -49
2015  77 17 56   -49
2015  77 17 57   -48
2015  77 17 58   -48
2015  77 17 59   -49
2015  77 18  0   -50
2015  77 18  1   -51
2015  77 18  2   -53
2015  77 18  3   -55
2015  77 18  4   -57
2015  77 18  5   -58
2015  77 18  6   -59
2015  77 18  7   -60
2015  77 18  8   -60
2015  77 18  9   -61
2015  77 18 10   -61
2015  77 18 11   -61
2015  77 18 12   -62
2015  77 18 13   -62
2015  77 18 14   -62
2015  77 18 15   -62
2015  77 18 16   -62
2015  77 18 17   -62
2015  77 18 18   -62
2015  77 18 19   -62
2015  77 18 20   -62
2015  77 18 21   -61
2015  77 18 22   -62
2015  77 18 23   -62
2015  77 18 24   -61
2015  77 18 25   -61
2015  77 18 26   -62
2015  77 18 27   -61
2015  77 18 28   -60
2015  77 18 29   -59
2015  77 18 30   -59
2015  77 18 31   -59
2015  77 18 32   -59
2015  77 18 33   -59
2015  77 18 34   -59
2015  77 18 35   -59
2015  77 18 36   -59
2015  77 18 37   -59
2015  77 18 38   -59
2015  77 18 39   -59
2015  77 18 40   -58
2015  77 18 41   -58
2015  77 18 42   -58
2015  77 18 43   -57
2015  77 18 44   -59
2015  77 18 45   -59
2015  77 18 46   -57
2015  77 18 47   -57
2015  77 18 48   -58
2015  77 18 49   -59
2015  77 18 50   -60
2015  77 18 51   -60
2015  77 18 52   -59
2015  77 18 53   -58
2015  77 18 54   -58
2015  77 18 55   -58
2015  77 18 56   -59
2015  77 18 57   -59
2015  77 18 58   -59
2015  77 18 59   -59
2015  77 19  0   -58
2015  77 19  1   -58
2015  77 19  2   -59
2015  77 19  3   -59
2015  77 19  4   -59
2015  77 19  5   -60
2015  77 19  6   -60
2015  77 19  7   -61
2015  77 19  8   -61
2015  77 19  9   -61
2015  77 19 10   -61
2015  77 19 11   -61
2015  77 19 12   -61
2015  77 19 13   -61
2015  77 19 14   -62
2015  77 19 15   -63
2015  77 19 16   -63
2015  77 19 17   -64
2015  77 19 18   -64
2015  77 19 19   -64
2015  77 19 20   -63
2015  77 19 21   -63
2015  77 19 22   -64
2015  77 19 23   -64
2015  77 19 24   -63
2015  77 19 25   -63
2015  77 19 26   -63
2015  77 19 27   -64
2015  77 19 28   -64
2015  77 19 29   -66
2015  77 19 30   -64
2015  77 19 31   -64
2015  77 19 32   -65
2015  77 19 33   -65
2015  77 19 34   -64
2015  77 19 35   -64
2015  77 19 36   -65
2015  77 19 37   -66
2015  77 19 38   -67
2015  77 19 39   -68
2015  77 19 40   -69
2015  77 19 41   -68
2015  77 19 42   -67
2015  77 19 43   -67
2015  77 19 44   -67
2015  77 19 45   -67
2015  77 19 46   -67
2015  77 19 47   -67
2015  77 19 48   -70
2015  77 19 49   -74
2015  77 19 50   -72
2015  77 19 51   -68
2015  77 19 52   -68
2015  77 19 53   -69
2015  77 19 54   -68
2015  77 19 55   -68
2015  77 19 56   -70
2015  77 19 57   -70
2015  77 19 58   -69
2015  77 19 59   -69
2015  77 20  0   -68
2015  77 20  1   -68
2015  77 20  2   -69
2015  77 20  3   -68
2015  77 20  4   -68
2015  77 20  5   -68
2015  77 20  6   -69
2015  77 20  7   -69
2015  77 20  8   -69
2015  77 20  9   -68
2015  77 20 10   -69
2015  77 20 11   -69
2015  77 20 12   -69
2015  77 20 13   -69
2015  77 20 14   -68
2015  77 20 15   -67
2015  77 20 16   -67
2015  77 20 17   -66
2015  77 20 18   -65
2015  77 20 19   -65
2015  77 20 20   -65
2015  77 20 21   -66
2015  77 20 22   -66
2015  77 20 23   -65
2015  77 20 24   -65
2015  77 20 25   -65
2015  77 20 26   -66
2015  77 20 27   -65
2015  77 20 28   -65
2015  77 20 29   -65
2015  77 20 30   -66
2015  77 20 31   -67
2015  77 20 32   -68
2015  77 20 33   -69
2015  77 20 34   -69
2015  77 20 35   -69
2015  77 20 36   -69
2015  77 20 37   -69
2015  77 20 38   -69
2015  77 20 39   -69
2015  77 20 40   -69
2015  77 20 41   -70
2015  77 20 42   -70
2015  77 20 43   -70
2015  77 20 44   -70
2015  77 20 45   -70
2015  77 20 46   -70
2015  77 20 47   -70
2015  77 20 48   -70
2015  77 20 49   -70
2015  77 20 50   -70
2015  77 20 51   -70
2015  77 20 52   -70
2015  77 20 53   -70
2015  77 20 54   -70
2015  77 20 55   -70
2015  77 20 56   -70
2015  77 20 57   -68
2015  77 20 58   -68
2015  77 20 59   -67
2015  77 21  0   -67
2015  77 21  1   -67
2015  77 21  2   -67
2015  77 21  3   -66
2015  77 21  4   -67
2015  77 21  5   -67
2015  77 21  6   -67
2015  77 21  7   -67
2015  77 21  8   -68
2015  77 21  9   -68
2015  77 21 10   -69
2015  77 21 11   -69
2015  77 21 12   -69
2015  77 21 13   -69
2015  77 21 14   -70
2015  77 21 15   -70
2015  77 21 16   -70
2015  77 21 17   -69
2015  77 21 18   -70
2015  77 21 19   -70
2015  77 21 20   -71
2015  77 21 21   -71
2015  77 21 22   -71
2015  77 21 23   -71
2015  77 21 24   -70
2015  77 21 25   -70
2015  77 21 26   -70
2015  77 21 27   -69
2015  77 21 28   -69
2015  77 21 29   -68
2015  77 21 30   -68
2015  77 21 31   -68
2015  77 21 32   -68
2015  77 21 33   -68
2015  77 21 34   -68
2015  77 21 35   -69
2015  77 21 36   -69
2015  77 21 37   -69
2015  77 21 38   -69
2015  77 21 39   -69
2015  77 21 40   -68
2015  77 21 41   -67
2015  77 21 42   -67
2015  77 21 43   -68
2015  77 21 44   -68
2015  77 21 45   -68
2015  77 21 46   -67
2015  77 21 47   -67
2015  77 21 48   -68
2015  77 21 49   -67
2015  77 21 50   -67
2015  77 21 51   -67
2015  77 21 52   -66
2015  77 21 53   -66
2015  77 21 54   -66
2015  77 21 55   -65
2015  77 21 56   -65
2015  77 21 57   -65
2015  77 21 58   -65
2015  77 21 59   -65
2015  77 22  0   -65
2015  77 22  1   -66
2015  77 22  2   -66
2015  77 22  3   -66
2015  77 22  4   -66
2015  77 22  5   -66
2015  77 22  6   -65
2015  77 22  7   -65
2015  77 22  8   -65
2015  77 22  9   -65
2015  77 22 10   -64
2015  77 22 11   -65
2015  77 22 12   -64
2015  77 22 13   -64
2015  77 22 14   -63
2015  77 22 15   -63
2015  77 22 16   -65
2015  77 22 17   -65
2015  77 22 18   -65
2015  77 22 19   -66
2015  77 22 20   -67
2015  77 22 21   -67
2015  77 22 22   -67
2015  77 22 23   -67
2015  77 22 24   -66
2015  77 22 25   -67
2015  77 22 26   -66
2015  77 22 27   -66
2015  77 22 28   -66
2015  77 22 29   -66
2015  77 22 30   -67
2015  77 22 31   -68
2015  77 22 32   -68
2015  77 22 33   -68
2015  77 22 34   -69
2015  77 22 35   -70
2015  77 22 36   -70
2015  77 22 37   -70
2015  77 22 38   -71
2015  77 22 39   -71
2015  77 22 40   -73
2015  77 22 41   -73
2015  77 22 42   -73
2015  77 22 43   -73
2015  77 22 44   -72
2015  77 22 45   -71
2015  77 22 46   -71
2015  77 22 47   -71
2015  77 22 48   -71
2015  77 22 49   -72
2015  77 22 50   -71
2015  77 22 51   -71
2015  77 22 52   -70
2015  77 22 53   -70
2015  77 22 54   -69
2015  77 22 55   -69
2015  77 22 56   -69
2015  77 22 57   -69
2015  77 22 58   -70
2015  77 22 59   -69
2015  77 23  0   -69
2015  77 23  1   -68
2015  77 23  2   -68
2015  77 23  3   -68
2015  77 23  4   -68
2015  77 23  5   -68
2015  77 23  6   -68
2015  77 23  7   -69
2015  77 23  8   -69
2015  77 23  9   -68
2015  77 23 10   -68
2015  77 23 11   -68
2015  77 23 12   -67
2015  77 23 13   -67
2015  77 23 14   -67
2015  77 23 15   -67
2015  77 23 16   -67
2015  77 23 17   -66
2015  77 23 18   -66
2015  77 23 19   -66
2015  77 23 20   -66
2015  77 23 21   -66
2015  77 23 22   -67
2015  77 23 23   -67
2015  77 23 24   -68
2015  77 23 25   -67
2015  77 23 26   -67
2015  77 23 27   -67
2015  77 23 28   -67
2015  77 23 29   -67
2015  77 23 30   -67
2015  77 23 31   -67
2015  77 23 32   -67
2015  77 23 33   -67
2015  77 23 34   -67
2015  77 23 35   -67
2015  77 23 36   -68
2015  77 23 37   -68
2015  77 23 38   -67
2015  77 23 39   -67
2015  77 23 40   -68
2015  77 23 41   -68
2015  77 23 42   -68
2015  77 23 43   -68
2015  77 23 44   -68
2015  77 23 45   -68
2015  77 23 46   -69
2015  77 23 47   -69
2015  77 23 48   -69
2015  77 23 49   -70
2015  77 23 50   -69
2015  77 23 51   -70
2015  77 23 52   -70
2015  77 23 53   -70
2015  77 23 54   -70
2015  77 23 55   -70
2015  77 23 56   -70
2015  77 23 57   -71
2015  77 23 58   -71
2015  77 23 59   -71
If you have any questions about OMNIWeb Plus Interface,contact:
Dr. Natalia Papitashvili, Code 672, Greenbelt, MD 20771.
Last Update: May 13, 2026, NEP.