OMNIWeb Plus Browser Results

Listing for omni_min data from 20170907 to 20170908
Selected parameters:
 1 SYM/H, nT

YYYY DOY HR MN    1 
2017 250  0  0    42
2017 250  0  1    42
2017 250  0  2    42
2017 250  0  3    42
2017 250  0  4    41
2017 250  0  5    42
2017 250  0  6    43
2017 250  0  7    43
2017 250  0  8    43
2017 250  0  9    42
2017 250  0 10    42
2017 250  0 11    43
2017 250  0 12    43
2017 250  0 13    43
2017 250  0 14    44
2017 250  0 15    45
2017 250  0 16    46
2017 250  0 17    46
2017 250  0 18    44
2017 250  0 19    42
2017 250  0 20    43
2017 250  0 21    44
2017 250  0 22    48
2017 250  0 23    48
2017 250  0 24    50
2017 250  0 25    47
2017 250  0 26    44
2017 250  0 27    42
2017 250  0 28    43
2017 250  0 29    44
2017 250  0 30    48
2017 250  0 31    49
2017 250  0 32    48
2017 250  0 33    48
2017 250  0 34    47
2017 250  0 35    46
2017 250  0 36    46
2017 250  0 37    48
2017 250  0 38    50
2017 250  0 39    51
2017 250  0 40    52
2017 250  0 41    51
2017 250  0 42    52
2017 250  0 43    55
2017 250  0 44    56
2017 250  0 45    55
2017 250  0 46    56
2017 250  0 47    52
2017 250  0 48    51
2017 250  0 49    49
2017 250  0 50    49
2017 250  0 51    48
2017 250  0 52    48
2017 250  0 53    48
2017 250  0 54    46
2017 250  0 55    47
2017 250  0 56    46
2017 250  0 57    46
2017 250  0 58    46
2017 250  0 59    47
2017 250  1  0    48
2017 250  1  1    48
2017 250  1  2    50
2017 250  1  3    51
2017 250  1  4    52
2017 250  1  5    52
2017 250  1  6    53
2017 250  1  7    52
2017 250  1  8    52
2017 250  1  9    51
2017 250  1 10    50
2017 250  1 11    49
2017 250  1 12    49
2017 250  1 13    49
2017 250  1 14    50
2017 250  1 15    50
2017 250  1 16    50
2017 250  1 17    50
2017 250  1 18    49
2017 250  1 19    49
2017 250  1 20    49
2017 250  1 21    48
2017 250  1 22    48
2017 250  1 23    50
2017 250  1 24    51
2017 250  1 25    52
2017 250  1 26    52
2017 250  1 27    51
2017 250  1 28    51
2017 250  1 29    50
2017 250  1 30    50
2017 250  1 31    50
2017 250  1 32    50
2017 250  1 33    50
2017 250  1 34    52
2017 250  1 35    54
2017 250  1 36    55
2017 250  1 37    54
2017 250  1 38    54
2017 250  1 39    55
2017 250  1 40    55
2017 250  1 41    53
2017 250  1 42    52
2017 250  1 43    50
2017 250  1 44    48
2017 250  1 45    47
2017 250  1 46    47
2017 250  1 47    47
2017 250  1 48    48
2017 250  1 49    49
2017 250  1 50    49
2017 250  1 51    50
2017 250  1 52    49
2017 250  1 53    48
2017 250  1 54    47
2017 250  1 55    46
2017 250  1 56    45
2017 250  1 57    44
2017 250  1 58    44
2017 250  1 59    44
2017 250  2  0    43
2017 250  2  1    42
2017 250  2  2    41
2017 250  2  3    41
2017 250  2  4    41
2017 250  2  5    41
2017 250  2  6    41
2017 250  2  7    42
2017 250  2  8    43
2017 250  2  9    44
2017 250  2 10    45
2017 250  2 11    45
2017 250  2 12    45
2017 250  2 13    45
2017 250  2 14    44
2017 250  2 15    44
2017 250  2 16    44
2017 250  2 17    44
2017 250  2 18    44
2017 250  2 19    44
2017 250  2 20    45
2017 250  2 21    44
2017 250  2 22    45
2017 250  2 23    45
2017 250  2 24    46
2017 250  2 25    46
2017 250  2 26    46
2017 250  2 27    46
2017 250  2 28    47
2017 250  2 29    48
2017 250  2 30    48
2017 250  2 31    47
2017 250  2 32    47
2017 250  2 33    47
2017 250  2 34    48
2017 250  2 35    48
2017 250  2 36    48
2017 250  2 37    47
2017 250  2 38    47
2017 250  2 39    47
2017 250  2 40    46
2017 250  2 41    45
2017 250  2 42    45
2017 250  2 43    45
2017 250  2 44    45
2017 250  2 45    45
2017 250  2 46    45
2017 250  2 47    45
2017 250  2 48    46
2017 250  2 49    45
2017 250  2 50    45
2017 250  2 51    45
2017 250  2 52    44
2017 250  2 53    43
2017 250  2 54    43
2017 250  2 55    42
2017 250  2 56    42
2017 250  2 57    42
2017 250  2 58    41
2017 250  2 59    40
2017 250  3  0    40
2017 250  3  1    39
2017 250  3  2    39
2017 250  3  3    39
2017 250  3  4    38
2017 250  3  5    38
2017 250  3  6    37
2017 250  3  7    38
2017 250  3  8    38
2017 250  3  9    39
2017 250  3 10    39
2017 250  3 11    39
2017 250  3 12    40
2017 250  3 13    39
2017 250  3 14    40
2017 250  3 15    41
2017 250  3 16    40
2017 250  3 17    41
2017 250  3 18    41
2017 250  3 19    41
2017 250  3 20    40
2017 250  3 21    40
2017 250  3 22    40
2017 250  3 23    39
2017 250  3 24    37
2017 250  3 25    37
2017 250  3 26    36
2017 250  3 27    35
2017 250  3 28    34
2017 250  3 29    34
2017 250  3 30    34
2017 250  3 31    34
2017 250  3 32    34
2017 250  3 33    34
2017 250  3 34    33
2017 250  3 35    33
2017 250  3 36    33
2017 250  3 37    33
2017 250  3 38    32
2017 250  3 39    31
2017 250  3 40    30
2017 250  3 41    29
2017 250  3 42    29
2017 250  3 43    28
2017 250  3 44    28
2017 250  3 45    28
2017 250  3 46    27
2017 250  3 47    27
2017 250  3 48    27
2017 250  3 49    26
2017 250  3 50    26
2017 250  3 51    25
2017 250  3 52    25
2017 250  3 53    24
2017 250  3 54    23
2017 250  3 55    23
2017 250  3 56    22
2017 250  3 57    22
2017 250  3 58    22
2017 250  3 59    21
2017 250  4  0    20
2017 250  4  1    19
2017 250  4  2    19
2017 250  4  3    18
2017 250  4  4    18
2017 250  4  5    18
2017 250  4  6    18
2017 250  4  7    18
2017 250  4  8    17
2017 250  4  9    17
2017 250  4 10    17
2017 250  4 11    16
2017 250  4 12    15
2017 250  4 13    14
2017 250  4 14    14
2017 250  4 15    13
2017 250  4 16    13
2017 250  4 17    13
2017 250  4 18    13
2017 250  4 19    13
2017 250  4 20    13
2017 250  4 21    13
2017 250  4 22    12
2017 250  4 23    12
2017 250  4 24    11
2017 250  4 25    11
2017 250  4 26    10
2017 250  4 27    10
2017 250  4 28     9
2017 250  4 29     9
2017 250  4 30    10
2017 250  4 31    10
2017 250  4 32    11
2017 250  4 33    12
2017 250  4 34    13
2017 250  4 35    14
2017 250  4 36    15
2017 250  4 37    16
2017 250  4 38    16
2017 250  4 39    17
2017 250  4 40    17
2017 250  4 41    18
2017 250  4 42    18
2017 250  4 43    19
2017 250  4 44    19
2017 250  4 45    18
2017 250  4 46    17
2017 250  4 47    17
2017 250  4 48    17
2017 250  4 49    17
2017 250  4 50    17
2017 250  4 51    17
2017 250  4 52    17
2017 250  4 53    17
2017 250  4 54    17
2017 250  4 55    18
2017 250  4 56    19
2017 250  4 57    19
2017 250  4 58    20
2017 250  4 59    20
2017 250  5  0    19
2017 250  5  1    19
2017 250  5  2    19
2017 250  5  3    18
2017 250  5  4    19
2017 250  5  5    20
2017 250  5  6    20
2017 250  5  7    18
2017 250  5  8    16
2017 250  5  9    15
2017 250  5 10    15
2017 250  5 11    15
2017 250  5 12    16
2017 250  5 13    17
2017 250  5 14    16
2017 250  5 15    17
2017 250  5 16    16
2017 250  5 17    16
2017 250  5 18    15
2017 250  5 19    14
2017 250  5 20    14
2017 250  5 21    13
2017 250  5 22    13
2017 250  5 23    12
2017 250  5 24    12
2017 250  5 25    12
2017 250  5 26    11
2017 250  5 27    12
2017 250  5 28    12
2017 250  5 29    11
2017 250  5 30    11
2017 250  5 31    11
2017 250  5 32    12
2017 250  5 33    12
2017 250  5 34    11
2017 250  5 35    11
2017 250  5 36    11
2017 250  5 37    10
2017 250  5 38    11
2017 250  5 39    11
2017 250  5 40    11
2017 250  5 41    11
2017 250  5 42    11
2017 250  5 43    11
2017 250  5 44    11
2017 250  5 45    11
2017 250  5 46    11
2017 250  5 47    11
2017 250  5 48    11
2017 250  5 49    11
2017 250  5 50    11
2017 250  5 51    11
2017 250  5 52    11
2017 250  5 53    11
2017 250  5 54    11
2017 250  5 55    11
2017 250  5 56    11
2017 250  5 57    10
2017 250  5 58    10
2017 250  5 59    10
2017 250  6  0     9
2017 250  6  1    10
2017 250  6  2    10
2017 250  6  3    10
2017 250  6  4    10
2017 250  6  5    10
2017 250  6  6    11
2017 250  6  7    10
2017 250  6  8    10
2017 250  6  9    10
2017 250  6 10    10
2017 250  6 11    10
2017 250  6 12    10
2017 250  6 13    10
2017 250  6 14    11
2017 250  6 15    11
2017 250  6 16    11
2017 250  6 17    12
2017 250  6 18    12
2017 250  6 19    12
2017 250  6 20    13
2017 250  6 21    12
2017 250  6 22    13
2017 250  6 23    13
2017 250  6 24    13
2017 250  6 25    13
2017 250  6 26    13
2017 250  6 27    14
2017 250  6 28    13
2017 250  6 29    13
2017 250  6 30    13
2017 250  6 31    12
2017 250  6 32    13
2017 250  6 33    14
2017 250  6 34    15
2017 250  6 35    16
2017 250  6 36    17
2017 250  6 37    18
2017 250  6 38    17
2017 250  6 39    17
2017 250  6 40    17
2017 250  6 41    16
2017 250  6 42    17
2017 250  6 43    18
2017 250  6 44    19
2017 250  6 45    20
2017 250  6 46    21
2017 250  6 47    22
2017 250  6 48    22
2017 250  6 49    21
2017 250  6 50    21
2017 250  6 51    21
2017 250  6 52    19
2017 250  6 53    19
2017 250  6 54    18
2017 250  6 55    18
2017 250  6 56    17
2017 250  6 57    16
2017 250  6 58    15
2017 250  6 59    14
2017 250  7  0    14
2017 250  7  1    13
2017 250  7  2    12
2017 250  7  3    11
2017 250  7  4    11
2017 250  7  5    10
2017 250  7  6     8
2017 250  7  7     6
2017 250  7  8     5
2017 250  7  9     3
2017 250  7 10     3
2017 250  7 11     1
2017 250  7 12     0
2017 250  7 13    -1
2017 250  7 14    -2
2017 250  7 15    -2
2017 250  7 16    -2
2017 250  7 17    -2
2017 250  7 18    -2
2017 250  7 19    -1
2017 250  7 20    -1
2017 250  7 21    -1
2017 250  7 22    -2
2017 250  7 23    -2
2017 250  7 24    -3
2017 250  7 25    -4
2017 250  7 26    -5
2017 250  7 27    -6
2017 250  7 28    -6
2017 250  7 29    -6
2017 250  7 30    -6
2017 250  7 31    -6
2017 250  7 32    -6
2017 250  7 33    -6
2017 250  7 34    -6
2017 250  7 35    -6
2017 250  7 36    -6
2017 250  7 37    -6
2017 250  7 38    -6
2017 250  7 39    -5
2017 250  7 40    -6
2017 250  7 41    -6
2017 250  7 42    -6
2017 250  7 43    -6
2017 250  7 44    -5
2017 250  7 45    -6
2017 250  7 46    -5
2017 250  7 47    -5
2017 250  7 48    -4
2017 250  7 49    -4
2017 250  7 50    -3
2017 250  7 51    -3
2017 250  7 52    -2
2017 250  7 53    -2
2017 250  7 54    -1
2017 250  7 55     0
2017 250  7 56     0
2017 250  7 57     1
2017 250  7 58     1
2017 250  7 59     1
2017 250  8  0     1
2017 250  8  1     0
2017 250  8  2     0
2017 250  8  3     0
2017 250  8  4    -1
2017 250  8  5    -1
2017 250  8  6    -1
2017 250  8  7    -1
2017 250  8  8    -2
2017 250  8  9    -2
2017 250  8 10    -2
2017 250  8 11    -2
2017 250  8 12    -3
2017 250  8 13    -3
2017 250  8 14    -3
2017 250  8 15    -3
2017 250  8 16    -3
2017 250  8 17    -3
2017 250  8 18    -4
2017 250  8 19    -4
2017 250  8 20    -5
2017 250  8 21    -5
2017 250  8 22    -6
2017 250  8 23    -6
2017 250  8 24    -6
2017 250  8 25    -7
2017 250  8 26    -7
2017 250  8 27    -7
2017 250  8 28    -8
2017 250  8 29    -8
2017 250  8 30    -8
2017 250  8 31    -9
2017 250  8 32    -8
2017 250  8 33    -9
2017 250  8 34    -8
2017 250  8 35    -8
2017 250  8 36    -8
2017 250  8 37    -9
2017 250  8 38    -9
2017 250  8 39    -9
2017 250  8 40   -10
2017 250  8 41   -11
2017 250  8 42   -11
2017 250  8 43   -11
2017 250  8 44   -11
2017 250  8 45   -12
2017 250  8 46   -12
2017 250  8 47   -12
2017 250  8 48   -12
2017 250  8 49   -12
2017 250  8 50   -12
2017 250  8 51   -12
2017 250  8 52   -13
2017 250  8 53   -13
2017 250  8 54   -14
2017 250  8 55   -14
2017 250  8 56   -14
2017 250  8 57   -14
2017 250  8 58   -15
2017 250  8 59   -15
2017 250  9  0   -14
2017 250  9  1   -14
2017 250  9  2   -14
2017 250  9  3   -14
2017 250  9  4   -14
2017 250  9  5   -14
2017 250  9  6   -14
2017 250  9  7   -14
2017 250  9  8   -14
2017 250  9  9   -15
2017 250  9 10   -15
2017 250  9 11   -15
2017 250  9 12   -14
2017 250  9 13   -14
2017 250  9 14   -14
2017 250  9 15   -13
2017 250  9 16   -13
2017 250  9 17   -14
2017 250  9 18   -14
2017 250  9 19   -14
2017 250  9 20   -13
2017 250  9 21   -13
2017 250  9 22   -12
2017 250  9 23   -12
2017 250  9 24   -11
2017 250  9 25   -10
2017 250  9 26   -10
2017 250  9 27    -9
2017 250  9 28    -9
2017 250  9 29    -9
2017 250  9 30    -9
2017 250  9 31    -9
2017 250  9 32    -9
2017 250  9 33    -8
2017 250  9 34    -8
2017 250  9 35    -9
2017 250  9 36    -8
2017 250  9 37    -9
2017 250  9 38    -9
2017 250  9 39    -9
2017 250  9 40    -9
2017 250  9 41    -9
2017 250  9 42   -10
2017 250  9 43   -10
2017 250  9 44   -10
2017 250  9 45   -10
2017 250  9 46   -10
2017 250  9 47   -10
2017 250  9 48   -10
2017 250  9 49   -10
2017 250  9 50    -9
2017 250  9 51    -9
2017 250  9 52    -8
2017 250  9 53    -8
2017 250  9 54    -8
2017 250  9 55    -7
2017 250  9 56    -7
2017 250  9 57    -8
2017 250  9 58    -8
2017 250  9 59    -8
2017 250 10  0    -8
2017 250 10  1    -8
2017 250 10  2    -8
2017 250 10  3    -8
2017 250 10  4    -8
2017 250 10  5    -8
2017 250 10  6    -8
2017 250 10  7    -9
2017 250 10  8    -8
2017 250 10  9    -8
2017 250 10 10    -8
2017 250 10 11    -8
2017 250 10 12    -8
2017 250 10 13    -8
2017 250 10 14    -8
2017 250 10 15    -8
2017 250 10 16    -7
2017 250 10 17    -7
2017 250 10 18    -7
2017 250 10 19    -7
2017 250 10 20    -7
2017 250 10 21    -7
2017 250 10 22    -8
2017 250 10 23    -8
2017 250 10 24    -9
2017 250 10 25    -9
2017 250 10 26   -10
2017 250 10 27   -10
2017 250 10 28   -10
2017 250 10 29   -11
2017 250 10 30   -11
2017 250 10 31   -12
2017 250 10 32   -12
2017 250 10 33   -12
2017 250 10 34   -12
2017 250 10 35   -13
2017 250 10 36   -13
2017 250 10 37   -13
2017 250 10 38   -14
2017 250 10 39   -14
2017 250 10 40   -15
2017 250 10 41   -15
2017 250 10 42   -15
2017 250 10 43   -15
2017 250 10 44   -15
2017 250 10 45   -15
2017 250 10 46   -14
2017 250 10 47   -14
2017 250 10 48   -15
2017 250 10 49   -14
2017 250 10 50   -14
2017 250 10 51   -14
2017 250 10 52   -15
2017 250 10 53   -14
2017 250 10 54   -15
2017 250 10 55   -14
2017 250 10 56   -15
2017 250 10 57   -15
2017 250 10 58   -15
2017 250 10 59   -16
2017 250 11  0   -16
2017 250 11  1   -15
2017 250 11  2   -16
2017 250 11  3   -15
2017 250 11  4   -15
2017 250 11  5   -14
2017 250 11  6   -14
2017 250 11  7   -14
2017 250 11  8   -14
2017 250 11  9   -14
2017 250 11 10   -14
2017 250 11 11   -14
2017 250 11 12   -14
2017 250 11 13   -14
2017 250 11 14   -13
2017 250 11 15   -13
2017 250 11 16   -13
2017 250 11 17   -13
2017 250 11 18   -13
2017 250 11 19   -12
2017 250 11 20   -12
2017 250 11 21   -12
2017 250 11 22   -12
2017 250 11 23   -11
2017 250 11 24   -11
2017 250 11 25   -11
2017 250 11 26   -11
2017 250 11 27   -11
2017 250 11 28   -10
2017 250 11 29   -10
2017 250 11 30   -10
2017 250 11 31   -10
2017 250 11 32    -9
2017 250 11 33    -9
2017 250 11 34    -9
2017 250 11 35    -9
2017 250 11 36    -9
2017 250 11 37    -8
2017 250 11 38    -8
2017 250 11 39    -8
2017 250 11 40    -8
2017 250 11 41    -8
2017 250 11 42    -7
2017 250 11 43    -7
2017 250 11 44    -7
2017 250 11 45    -7
2017 250 11 46    -6
2017 250 11 47    -6
2017 250 11 48    -5
2017 250 11 49    -5
2017 250 11 50    -4
2017 250 11 51    -4
2017 250 11 52    -3
2017 250 11 53    -4
2017 250 11 54    -4
2017 250 11 55    -4
2017 250 11 56    -4
2017 250 11 57    -4
2017 250 11 58    -5
2017 250 11 59    -5
2017 250 12  0    -5
2017 250 12  1    -6
2017 250 12  2    -6
2017 250 12  3    -6
2017 250 12  4    -6
2017 250 12  5    -6
2017 250 12  6    -6
2017 250 12  7    -6
2017 250 12  8    -6
2017 250 12  9    -5
2017 250 12 10    -5
2017 250 12 11    -5
2017 250 12 12    -4
2017 250 12 13    -4
2017 250 12 14    -4
2017 250 12 15    -3
2017 250 12 16    -2
2017 250 12 17     0
2017 250 12 18     1
2017 250 12 19     2
2017 250 12 20     3
2017 250 12 21     3
2017 250 12 22     3
2017 250 12 23     2
2017 250 12 24     2
2017 250 12 25     2
2017 250 12 26     2
2017 250 12 27     3
2017 250 12 28     3
2017 250 12 29     3
2017 250 12 30     3
2017 250 12 31     3
2017 250 12 32     3
2017 250 12 33     3
2017 250 12 34     3
2017 250 12 35     3
2017 250 12 36     3
2017 250 12 37     3
2017 250 12 38     4
2017 250 12 39     4
2017 250 12 40     4
2017 250 12 41     5
2017 250 12 42     5
2017 250 12 43     5
2017 250 12 44     4
2017 250 12 45     3
2017 250 12 46     3
2017 250 12 47     3
2017 250 12 48     3
2017 250 12 49     4
2017 250 12 50     5
2017 250 12 51     5
2017 250 12 52     5
2017 250 12 53     5
2017 250 12 54     5
2017 250 12 55     4
2017 250 12 56     4
2017 250 12 57     5
2017 250 12 58     5
2017 250 12 59     5
2017 250 13  0     5
2017 250 13  1     5
2017 250 13  2     4
2017 250 13  3     4
2017 250 13  4     4
2017 250 13  5     5
2017 250 13  6     5
2017 250 13  7     4
2017 250 13  8     4
2017 250 13  9     5
2017 250 13 10     4
2017 250 13 11     4
2017 250 13 12     3
2017 250 13 13     2
2017 250 13 14     2
2017 250 13 15     3
2017 250 13 16     4
2017 250 13 17     4
2017 250 13 18     4
2017 250 13 19     4
2017 250 13 20     4
2017 250 13 21     4
2017 250 13 22     3
2017 250 13 23     3
2017 250 13 24     3
2017 250 13 25     3
2017 250 13 26     3
2017 250 13 27     3
2017 250 13 28     3
2017 250 13 29     3
2017 250 13 30     3
2017 250 13 31     3
2017 250 13 32     3
2017 250 13 33     3
2017 250 13 34     3
2017 250 13 35     3
2017 250 13 36     3
2017 250 13 37     3
2017 250 13 38     3
2017 250 13 39     3
2017 250 13 40     3
2017 250 13 41     3
2017 250 13 42     3
2017 250 13 43     3
2017 250 13 44     3
2017 250 13 45     3
2017 250 13 46     2
2017 250 13 47     2
2017 250 13 48     1
2017 250 13 49     1
2017 250 13 50     1
2017 250 13 51     2
2017 250 13 52     2
2017 250 13 53     2
2017 250 13 54     2
2017 250 13 55     2
2017 250 13 56     2
2017 250 13 57     2
2017 250 13 58     2
2017 250 13 59     2
2017 250 14  0     1
2017 250 14  1     2
2017 250 14  2     2
2017 250 14  3     2
2017 250 14  4     2
2017 250 14  5     2
2017 250 14  6     2
2017 250 14  7     2
2017 250 14  8     2
2017 250 14  9     3
2017 250 14 10     3
2017 250 14 11     3
2017 250 14 12     4
2017 250 14 13     3
2017 250 14 14     3
2017 250 14 15     2
2017 250 14 16     2
2017 250 14 17     1
2017 250 14 18     1
2017 250 14 19     1
2017 250 14 20     2
2017 250 14 21     2
2017 250 14 22     1
2017 250 14 23     2
2017 250 14 24     2
2017 250 14 25     2
2017 250 14 26     2
2017 250 14 27     2
2017 250 14 28     2
2017 250 14 29     2
2017 250 14 30     2
2017 250 14 31     1
2017 250 14 32     1
2017 250 14 33    -1
2017 250 14 34    -4
2017 250 14 35    -4
2017 250 14 36    -6
2017 250 14 37    -7
2017 250 14 38    -7
2017 250 14 39    -7
2017 250 14 40    -7
2017 250 14 41    -8
2017 250 14 42    -7
2017 250 14 43    -7
2017 250 14 44    -7
2017 250 14 45    -7
2017 250 14 46    -7
2017 250 14 47    -7
2017 250 14 48    -7
2017 250 14 49    -7
2017 250 14 50    -7
2017 250 14 51    -7
2017 250 14 52    -8
2017 250 14 53    -7
2017 250 14 54    -7
2017 250 14 55    -7
2017 250 14 56    -7
2017 250 14 57    -7
2017 250 14 58    -7
2017 250 14 59    -7
2017 250 15  0    -7
2017 250 15  1    -7
2017 250 15  2    -7
2017 250 15  3    -7
2017 250 15  4    -7
2017 250 15  5    -8
2017 250 15  6    -8
2017 250 15  7    -8
2017 250 15  8    -8
2017 250 15  9    -8
2017 250 15 10    -8
2017 250 15 11    -7
2017 250 15 12    -7
2017 250 15 13    -7
2017 250 15 14    -7
2017 250 15 15    -7
2017 250 15 16    -7
2017 250 15 17    -6
2017 250 15 18    -6
2017 250 15 19    -6
2017 250 15 20    -6
2017 250 15 21    -6
2017 250 15 22    -5
2017 250 15 23    -5
2017 250 15 24    -4
2017 250 15 25    -4
2017 250 15 26    -3
2017 250 15 27    -3
2017 250 15 28    -3
2017 250 15 29    -3
2017 250 15 30    -3
2017 250 15 31    -3
2017 250 15 32    -3
2017 250 15 33    -3
2017 250 15 34    -3
2017 250 15 35    -3
2017 250 15 36    -2
2017 250 15 37    -2
2017 250 15 38    -2
2017 250 15 39    -3
2017 250 15 40    -3
2017 250 15 41    -3
2017 250 15 42    -3
2017 250 15 43    -2
2017 250 15 44    -2
2017 250 15 45    -2
2017 250 15 46    -1
2017 250 15 47     0
2017 250 15 48     0
2017 250 15 49     0
2017 250 15 50     1
2017 250 15 51     1
2017 250 15 52     0
2017 250 15 53     0
2017 250 15 54    -1
2017 250 15 55     0
2017 250 15 56    -1
2017 250 15 57    -1
2017 250 15 58    -1
2017 250 15 59    -1
2017 250 16  0    -1
2017 250 16  1     0
2017 250 16  2     1
2017 250 16  3     1
2017 250 16  4     1
2017 250 16  5     2
2017 250 16  6     2
2017 250 16  7     2
2017 250 16  8     2
2017 250 16  9     2
2017 250 16 10     3
2017 250 16 11     2
2017 250 16 12     3
2017 250 16 13     3
2017 250 16 14     3
2017 250 16 15     3
2017 250 16 16     4
2017 250 16 17     3
2017 250 16 18     3
2017 250 16 19     3
2017 250 16 20     3
2017 250 16 21     3
2017 250 16 22     4
2017 250 16 23     3
2017 250 16 24     3
2017 250 16 25     4
2017 250 16 26     4
2017 250 16 27     4
2017 250 16 28     4
2017 250 16 29     4
2017 250 16 30     4
2017 250 16 31     4
2017 250 16 32     4
2017 250 16 33     4
2017 250 16 34     4
2017 250 16 35     4
2017 250 16 36     4
2017 250 16 37     4
2017 250 16 38     4
2017 250 16 39     4
2017 250 16 40     5
2017 250 16 41     4
2017 250 16 42     5
2017 250 16 43     5
2017 250 16 44     5
2017 250 16 45     5
2017 250 16 46     5
2017 250 16 47     5
2017 250 16 48     4
2017 250 16 49     4
2017 250 16 50     4
2017 250 16 51     4
2017 250 16 52     5
2017 250 16 53     5
2017 250 16 54     5
2017 250 16 55     5
2017 250 16 56     4
2017 250 16 57     4
2017 250 16 58     4
2017 250 16 59     3
2017 250 17  0     3
2017 250 17  1     3
2017 250 17  2     3
2017 250 17  3     3
2017 250 17  4     4
2017 250 17  5     4
2017 250 17  6     4
2017 250 17  7     4
2017 250 17  8     4
2017 250 17  9     3
2017 250 17 10     3
2017 250 17 11     3
2017 250 17 12     4
2017 250 17 13     3
2017 250 17 14     3
2017 250 17 15     4
2017 250 17 16     4
2017 250 17 17     4
2017 250 17 18     4
2017 250 17 19     4
2017 250 17 20     4
2017 250 17 21     4
2017 250 17 22     4
2017 250 17 23     4
2017 250 17 24     4
2017 250 17 25     4
2017 250 17 26     4
2017 250 17 27     5
2017 250 17 28     5
2017 250 17 29     5
2017 250 17 30     5
2017 250 17 31     5
2017 250 17 32     5
2017 250 17 33     5
2017 250 17 34     5
2017 250 17 35     5
2017 250 17 36     6
2017 250 17 37     6
2017 250 17 38     6
2017 250 17 39     6
2017 250 17 40     7
2017 250 17 41     7
2017 250 17 42     7
2017 250 17 43     7
2017 250 17 44     7
2017 250 17 45     7
2017 250 17 46     7
2017 250 17 47     7
2017 250 17 48     7
2017 250 17 49     7
2017 250 17 50     7
2017 250 17 51     7
2017 250 17 52     7
2017 250 17 53     7
2017 250 17 54     7
2017 250 17 55     7
2017 250 17 56     7
2017 250 17 57     7
2017 250 17 58     7
2017 250 17 59     7
2017 250 18  0     7
2017 250 18  1     7
2017 250 18  2     7
2017 250 18  3     7
2017 250 18  4     7
2017 250 18  5     7
2017 250 18  6     7
2017 250 18  7     7
2017 250 18  8     7
2017 250 18  9     7
2017 250 18 10     7
2017 250 18 11     7
2017 250 18 12     7
2017 250 18 13     7
2017 250 18 14     7
2017 250 18 15     7
2017 250 18 16     7
2017 250 18 17     7
2017 250 18 18     7
2017 250 18 19     7
2017 250 18 20     7
2017 250 18 21     7
2017 250 18 22     8
2017 250 18 23     8
2017 250 18 24     8
2017 250 18 25     8
2017 250 18 26     7
2017 250 18 27     7
2017 250 18 28     7
2017 250 18 29     7
2017 250 18 30     7
2017 250 18 31     7
2017 250 18 32     8
2017 250 18 33     8
2017 250 18 34     8
2017 250 18 35     8
2017 250 18 36     9
2017 250 18 37     9
2017 250 18 38     9
2017 250 18 39     9
2017 250 18 40     9
2017 250 18 41     9
2017 250 18 42     9
2017 250 18 43     9
2017 250 18 44     9
2017 250 18 45     9
2017 250 18 46     9
2017 250 18 47     9
2017 250 18 48    10
2017 250 18 49    10
2017 250 18 50    10
2017 250 18 51    10
2017 250 18 52    10
2017 250 18 53    10
2017 250 18 54    11
2017 250 18 55    11
2017 250 18 56    11
2017 250 18 57    12
2017 250 18 58    12
2017 250 18 59    13
2017 250 19  0    13
2017 250 19  1    13
2017 250 19  2    13
2017 250 19  3    13
2017 250 19  4    13
2017 250 19  5    14
2017 250 19  6    14
2017 250 19  7    14
2017 250 19  8    14
2017 250 19  9    14
2017 250 19 10    14
2017 250 19 11    14
2017 250 19 12    15
2017 250 19 13    15
2017 250 19 14    15
2017 250 19 15    15
2017 250 19 16    15
2017 250 19 17    15
2017 250 19 18    15
2017 250 19 19    15
2017 250 19 20    15
2017 250 19 21    14
2017 250 19 22    14
2017 250 19 23    13
2017 250 19 24    13
2017 250 19 25    13
2017 250 19 26    14
2017 250 19 27    14
2017 250 19 28    15
2017 250 19 29    16
2017 250 19 30    16
2017 250 19 31    16
2017 250 19 32    17
2017 250 19 33    17
2017 250 19 34    17
2017 250 19 35    16
2017 250 19 36    17
2017 250 19 37    17
2017 250 19 38    18
2017 250 19 39    17
2017 250 19 40    18
2017 250 19 41    18
2017 250 19 42    18
2017 250 19 43    18
2017 250 19 44    18
2017 250 19 45    17
2017 250 19 46    17
2017 250 19 47    17
2017 250 19 48    17
2017 250 19 49    17
2017 250 19 50    17
2017 250 19 51    17
2017 250 19 52    17
2017 250 19 53    18
2017 250 19 54    17
2017 250 19 55    17
2017 250 19 56    17
2017 250 19 57    17
2017 250 19 58    17
2017 250 19 59    18
2017 250 20  0    18
2017 250 20  1    20
2017 250 20  2    20
2017 250 20  3    19
2017 250 20  4    19
2017 250 20  5    19
2017 250 20  6    18
2017 250 20  7    18
2017 250 20  8    18
2017 250 20  9    19
2017 250 20 10    18
2017 250 20 11    18
2017 250 20 12    18
2017 250 20 13    17
2017 250 20 14    17
2017 250 20 15    17
2017 250 20 16    16
2017 250 20 17    16
2017 250 20 18    15
2017 250 20 19    13
2017 250 20 20    11
2017 250 20 21    10
2017 250 20 22    10
2017 250 20 23    11
2017 250 20 24    12
2017 250 20 25    14
2017 250 20 26    14
2017 250 20 27    15
2017 250 20 28    15
2017 250 20 29    15
2017 250 20 30    15
2017 250 20 31    15
2017 250 20 32    15
2017 250 20 33    14
2017 250 20 34    14
2017 250 20 35    13
2017 250 20 36    13
2017 250 20 37    12
2017 250 20 38    12
2017 250 20 39    12
2017 250 20 40    13
2017 250 20 41    15
2017 250 20 42    18
2017 250 20 43    18
2017 250 20 44    14
2017 250 20 45    10
2017 250 20 46     9
2017 250 20 47     8
2017 250 20 48     8
2017 250 20 49     8
2017 250 20 50     9
2017 250 20 51     9
2017 250 20 52    13
2017 250 20 53    15
2017 250 20 54    16
2017 250 20 55    16
2017 250 20 56    15
2017 250 20 57    13
2017 250 20 58    12
2017 250 20 59    12
2017 250 21  0    12
2017 250 21  1    13
2017 250 21  2    14
2017 250 21  3    15
2017 250 21  4    15
2017 250 21  5    14
2017 250 21  6    14
2017 250 21  7    14
2017 250 21  8    13
2017 250 21  9    13
2017 250 21 10    13
2017 250 21 11    13
2017 250 21 12    12
2017 250 21 13    12
2017 250 21 14    12
2017 250 21 15    11
2017 250 21 16    11
2017 250 21 17    11
2017 250 21 18    11
2017 250 21 19    11
2017 250 21 20    11
2017 250 21 21     9
2017 250 21 22     8
2017 250 21 23     7
2017 250 21 24     6
2017 250 21 25     4
2017 250 21 26     4
2017 250 21 27     5
2017 250 21 28     5
2017 250 21 29     5
2017 250 21 30     5
2017 250 21 31     5
2017 250 21 32     4
2017 250 21 33     4
2017 250 21 34     3
2017 250 21 35     2
2017 250 21 36     1
2017 250 21 37     0
2017 250 21 38    -1
2017 250 21 39    -2
2017 250 21 40    -3
2017 250 21 41    -4
2017 250 21 42    -5
2017 250 21 43    -4
2017 250 21 44    -5
2017 250 21 45    -5
2017 250 21 46    -4
2017 250 21 47    -4
2017 250 21 48    -4
2017 250 21 49    -4
2017 250 21 50    -4
2017 250 21 51    -5
2017 250 21 52    -5
2017 250 21 53    -5
2017 250 21 54    -6
2017 250 21 55    -7
2017 250 21 56    -8
2017 250 21 57    -9
2017 250 21 58   -10
2017 250 21 59   -10
2017 250 22  0   -11
2017 250 22  1   -11
2017 250 22  2   -11
2017 250 22  3   -11
2017 250 22  4   -11
2017 250 22  5   -12
2017 250 22  6   -11
2017 250 22  7   -12
2017 250 22  8   -13
2017 250 22  9   -14
2017 250 22 10   -15
2017 250 22 11   -16
2017 250 22 12   -17
2017 250 22 13   -19
2017 250 22 14   -21
2017 250 22 15   -23
2017 250 22 16   -23
2017 250 22 17   -24
2017 250 22 18   -25
2017 250 22 19   -25
2017 250 22 20   -25
2017 250 22 21   -25
2017 250 22 22   -25
2017 250 22 23   -25
2017 250 22 24   -25
2017 250 22 25   -25
2017 250 22 26   -25
2017 250 22 27   -24
2017 250 22 28   -24
2017 250 22 29   -25
2017 250 22 30   -25
2017 250 22 31   -24
2017 250 22 32   -23
2017 250 22 33   -24
2017 250 22 34   -22
2017 250 22 35   -22
2017 250 22 36   -22
2017 250 22 37   -23
2017 250 22 38   -23
2017 250 22 39   -23
2017 250 22 40   -25
2017 250 22 41   -26
2017 250 22 42   -26
2017 250 22 43   -26
2017 250 22 44   -26
2017 250 22 45   -27
2017 250 22 46   -28
2017 250 22 47   -28
2017 250 22 48   -29
2017 250 22 49   -28
2017 250 22 50   -27
2017 250 22 51   -26
2017 250 22 52   -27
2017 250 22 53   -27
2017 250 22 54   -28
2017 250 22 55   -28
2017 250 22 56   -29
2017 250 22 57   -29
2017 250 22 58   -30
2017 250 22 59   -30
2017 250 23  0   -31
2017 250 23  1   -14
2017 250 23  2     9
2017 250 23  3    11
2017 250 23  4     3
2017 250 23  5    -4
2017 250 23  6    -8
2017 250 23  7   -14
2017 250 23  8   -20
2017 250 23  9   -17
2017 250 23 10   -19
2017 250 23 11   -21
2017 250 23 12   -21
2017 250 23 13   -24
2017 250 23 14   -25
2017 250 23 15   -20
2017 250 23 16   -19
2017 250 23 17   -19
2017 250 23 18   -21
2017 250 23 19   -26
2017 250 23 20   -32
2017 250 23 21   -37
2017 250 23 22   -38
2017 250 23 23   -40
2017 250 23 24   -43
2017 250 23 25   -44
2017 250 23 26   -47
2017 250 23 27   -55
2017 250 23 28   -63
2017 250 23 29   -72
2017 250 23 30   -78
2017 250 23 31   -84
2017 250 23 32   -90
2017 250 23 33   -93
2017 250 23 34   -93
2017 250 23 35   -92
2017 250 23 36   -90
2017 250 23 37   -90
2017 250 23 38   -90
2017 250 23 39   -90
2017 250 23 40   -90
2017 250 23 41   -89
2017 250 23 42   -90
2017 250 23 43   -91
2017 250 23 44   -91
2017 250 23 45   -91
2017 250 23 46   -91
2017 250 23 47   -90
2017 250 23 48   -91
2017 250 23 49   -93
2017 250 23 50   -94
2017 250 23 51   -95
2017 250 23 52   -95
2017 250 23 53   -95
2017 250 23 54   -95
2017 250 23 55   -95
2017 250 23 56   -95
2017 250 23 57   -94
2017 250 23 58   -93
2017 250 23 59   -92
2017 251  0  0   -92
2017 251  0  1   -92
2017 251  0  2   -94
2017 251  0  3   -94
2017 251  0  4   -96
2017 251  0  5   -95
2017 251  0  6   -96
2017 251  0  7   -96
2017 251  0  8   -97
2017 251  0  9   -97
2017 251  0 10   -97
2017 251  0 11   -98
2017 251  0 12  -100
2017 251  0 13   -99
2017 251  0 14   -97
2017 251  0 15   -96
2017 251  0 16   -96
2017 251  0 17   -97
2017 251  0 18  -100
2017 251  0 19  -103
2017 251  0 20  -106
2017 251  0 21  -107
2017 251  0 22  -105
2017 251  0 23  -106
2017 251  0 24  -106
2017 251  0 25  -108
2017 251  0 26  -114
2017 251  0 27  -117
2017 251  0 28  -118
2017 251  0 29  -118
2017 251  0 30  -120
2017 251  0 31  -125
2017 251  0 32  -129
2017 251  0 33  -132
2017 251  0 34  -133
2017 251  0 35  -134
2017 251  0 36  -136
2017 251  0 37  -137
2017 251  0 38  -136
2017 251  0 39  -136
2017 251  0 40  -136
2017 251  0 41  -137
2017 251  0 42  -138
2017 251  0 43  -139
2017 251  0 44  -140
2017 251  0 45  -141
2017 251  0 46  -139
2017 251  0 47  -139
2017 251  0 48  -141
2017 251  0 49  -139
2017 251  0 50  -139
2017 251  0 51  -142
2017 251  0 52  -144
2017 251  0 53  -145
2017 251  0 54  -145
2017 251  0 55  -144
2017 251  0 56  -144
2017 251  0 57  -143
2017 251  0 58  -143
2017 251  0 59  -142
2017 251  1  0  -142
2017 251  1  1  -142
2017 251  1  2  -142
2017 251  1  3  -143
2017 251  1  4  -143
2017 251  1  5  -143
2017 251  1  6  -144
2017 251  1  7  -144
2017 251  1  8  -146
2017 251  1  9  -145
2017 251  1 10  -146
2017 251  1 11  -145
2017 251  1 12  -143
2017 251  1 13  -142
2017 251  1 14  -141
2017 251  1 15  -141
2017 251  1 16  -140
2017 251  1 17  -137
2017 251  1 18  -136
2017 251  1 19  -135
2017 251  1 20  -134
2017 251  1 21  -135
2017 251  1 22  -136
2017 251  1 23  -137
2017 251  1 24  -137
2017 251  1 25  -137
2017 251  1 26  -135
2017 251  1 27  -132
2017 251  1 28  -130
2017 251  1 29  -129
2017 251  1 30  -129
2017 251  1 31  -130
2017 251  1 32  -131
2017 251  1 33  -133
2017 251  1 34  -135
2017 251  1 35  -134
2017 251  1 36  -132
2017 251  1 37  -130
2017 251  1 38  -127
2017 251  1 39  -123
2017 251  1 40  -122
2017 251  1 41  -121
2017 251  1 42  -121
2017 251  1 43  -121
2017 251  1 44  -123
2017 251  1 45  -125
2017 251  1 46  -125
2017 251  1 47  -124
2017 251  1 48  -125
2017 251  1 49  -125
2017 251  1 50  -126
2017 251  1 51  -127
2017 251  1 52  -127
2017 251  1 53  -128
2017 251  1 54  -128
2017 251  1 55  -129
2017 251  1 56  -128
2017 251  1 57  -128
2017 251  1 58  -128
2017 251  1 59  -128
2017 251  2  0  -128
2017 251  2  1  -128
2017 251  2  2  -127
2017 251  2  3  -127
2017 251  2  4  -127
2017 251  2  5  -126
2017 251  2  6  -124
2017 251  2  7  -123
2017 251  2  8  -121
2017 251  2  9  -120
2017 251  2 10  -119
2017 251  2 11  -119
2017 251  2 12  -120
2017 251  2 13  -120
2017 251  2 14  -120
2017 251  2 15  -121
2017 251  2 16  -122
2017 251  2 17  -122
2017 251  2 18  -122
2017 251  2 19  -122
2017 251  2 20  -121
2017 251  2 21  -121
2017 251  2 22  -121
2017 251  2 23  -121
2017 251  2 24  -121
2017 251  2 25  -122
2017 251  2 26  -122
2017 251  2 27  -123
2017 251  2 28  -124
2017 251  2 29  -124
2017 251  2 30  -124
2017 251  2 31  -123
2017 251  2 32  -123
2017 251  2 33  -122
2017 251  2 34  -121
2017 251  2 35  -119
2017 251  2 36  -118
2017 251  2 37  -118
2017 251  2 38  -119
2017 251  2 39  -120
2017 251  2 40  -120
2017 251  2 41  -120
2017 251  2 42  -119
2017 251  2 43  -118
2017 251  2 44  -118
2017 251  2 45  -117
2017 251  2 46  -117
2017 251  2 47  -117
2017 251  2 48  -117
2017 251  2 49  -117
2017 251  2 50  -116
2017 251  2 51  -116
2017 251  2 52  -116
2017 251  2 53  -115
2017 251  2 54  -116
2017 251  2 55  -115
2017 251  2 56  -113
2017 251  2 57  -113
2017 251  2 58  -113
2017 251  2 59  -111
2017 251  3  0  -110
2017 251  3  1  -109
2017 251  3  2  -109
2017 251  3  3  -108
2017 251  3  4  -108
2017 251  3  5  -107
2017 251  3  6  -108
2017 251  3  7  -108
2017 251  3  8  -107
2017 251  3  9  -106
2017 251  3 10  -104
2017 251  3 11  -102
2017 251  3 12  -101
2017 251  3 13   -99
2017 251  3 14   -97
2017 251  3 15   -95
2017 251  3 16   -94
2017 251  3 17   -94
2017 251  3 18   -94
2017 251  3 19   -94
2017 251  3 20   -95
2017 251  3 21   -96
2017 251  3 22   -96
2017 251  3 23   -98
2017 251  3 24   -98
2017 251  3 25   -97
2017 251  3 26   -96
2017 251  3 27   -95
2017 251  3 28   -95
2017 251  3 29   -95
2017 251  3 30   -96
2017 251  3 31   -96
2017 251  3 32   -97
2017 251  3 33   -99
2017 251  3 34   -98
2017 251  3 35   -96
2017 251  3 36   -96
2017 251  3 37   -96
2017 251  3 38   -95
2017 251  3 39   -95
2017 251  3 40   -95
2017 251  3 41   -96
2017 251  3 42   -95
2017 251  3 43   -96
2017 251  3 44   -95
2017 251  3 45   -95
2017 251  3 46   -94
2017 251  3 47   -95
2017 251  3 48   -96
2017 251  3 49   -97
2017 251  3 50   -99
2017 251  3 51  -100
2017 251  3 52  -100
2017 251  3 53  -100
2017 251  3 54   -99
2017 251  3 55   -99
2017 251  3 56   -99
2017 251  3 57  -101
2017 251  3 58  -103
2017 251  3 59  -104
2017 251  4  0  -106
2017 251  4  1  -108
2017 251  4  2  -109
2017 251  4  3  -110
2017 251  4  4  -111
2017 251  4  5  -112
2017 251  4  6  -113
2017 251  4  7  -113
2017 251  4  8  -115
2017 251  4  9  -115
2017 251  4 10  -114
2017 251  4 11  -114
2017 251  4 12  -113
2017 251  4 13  -114
2017 251  4 14  -113
2017 251  4 15  -113
2017 251  4 16  -113
2017 251  4 17  -112
2017 251  4 18  -113
2017 251  4 19  -113
2017 251  4 20  -113
2017 251  4 21  -113
2017 251  4 22  -112
2017 251  4 23  -112
2017 251  4 24  -112
2017 251  4 25  -112
2017 251  4 26  -112
2017 251  4 27  -112
2017 251  4 28  -111
2017 251  4 29  -111
2017 251  4 30  -111
2017 251  4 31  -111
2017 251  4 32  -110
2017 251  4 33  -110
2017 251  4 34  -110
2017 251  4 35  -111
2017 251  4 36  -111
2017 251  4 37  -109
2017 251  4 38  -109
2017 251  4 39  -109
2017 251  4 40  -108
2017 251  4 41  -107
2017 251  4 42  -108
2017 251  4 43  -107
2017 251  4 44  -107
2017 251  4 45  -106
2017 251  4 46  -105
2017 251  4 47  -105
2017 251  4 48  -104
2017 251  4 49  -104
2017 251  4 50  -103
2017 251  4 51  -102
2017 251  4 52  -101
2017 251  4 53   -99
2017 251  4 54  -100
2017 251  4 55  -100
2017 251  4 56   -99
2017 251  4 57   -99
2017 251  4 58   -99
2017 251  4 59   -98
2017 251  5  0   -97
2017 251  5  1   -96
2017 251  5  2   -94
2017 251  5  3   -93
2017 251  5  4   -93
2017 251  5  5   -92
2017 251  5  6   -91
2017 251  5  7   -91
2017 251  5  8   -91
2017 251  5  9   -91
2017 251  5 10   -90
2017 251  5 11   -92
2017 251  5 12   -92
2017 251  5 13   -93
2017 251  5 14   -93
2017 251  5 15   -93
2017 251  5 16   -93
2017 251  5 17   -92
2017 251  5 18   -92
2017 251  5 19   -91
2017 251  5 20   -90
2017 251  5 21   -89
2017 251  5 22   -89
2017 251  5 23   -89
2017 251  5 24   -88
2017 251  5 25   -89
2017 251  5 26   -89
2017 251  5 27   -89
2017 251  5 28   -88
2017 251  5 29   -87
2017 251  5 30   -88
2017 251  5 31   -87
2017 251  5 32   -87
2017 251  5 33   -88
2017 251  5 34   -88
2017 251  5 35   -88
2017 251  5 36   -88
2017 251  5 37   -87
2017 251  5 38   -83
2017 251  5 39   -80
2017 251  5 40   -80
2017 251  5 41   -80
2017 251  5 42   -81
2017 251  5 43   -81
2017 251  5 44   -80
2017 251  5 45   -77
2017 251  5 46   -76
2017 251  5 47   -76
2017 251  5 48   -78
2017 251  5 49   -78
2017 251  5 50   -77
2017 251  5 51   -77
2017 251  5 52   -76
2017 251  5 53   -75
2017 251  5 54   -77
2017 251  5 55   -81
2017 251  5 56   -83
2017 251  5 57   -82
2017 251  5 58   -81
2017 251  5 59   -81
2017 251  6  0   -81
2017 251  6  1   -83
2017 251  6  2   -86
2017 251  6  3   -87
2017 251  6  4   -87
2017 251  6  5   -87
2017 251  6  6   -88
2017 251  6  7   -88
2017 251  6  8   -88
2017 251  6  9   -87
2017 251  6 10   -87
2017 251  6 11   -87
2017 251  6 12   -86
2017 251  6 13   -86
2017 251  6 14   -85
2017 251  6 15   -85
2017 251  6 16   -82
2017 251  6 17   -78
2017 251  6 18   -76
2017 251  6 19   -75
2017 251  6 20   -75
2017 251  6 21   -75
2017 251  6 22   -76
2017 251  6 23   -79
2017 251  6 24   -83
2017 251  6 25   -82
2017 251  6 26   -84
2017 251  6 27   -85
2017 251  6 28   -84
2017 251  6 29   -83
2017 251  6 30   -88
2017 251  6 31   -93
2017 251  6 32   -92
2017 251  6 33   -89
2017 251  6 34   -90
2017 251  6 35   -90
2017 251  6 36   -87
2017 251  6 37   -86
2017 251  6 38   -87
2017 251  6 39   -88
2017 251  6 40   -88
2017 251  6 41   -87
2017 251  6 42   -86
2017 251  6 43   -87
2017 251  6 44   -86
2017 251  6 45   -84
2017 251  6 46   -83
2017 251  6 47   -81
2017 251  6 48   -83
2017 251  6 49   -85
2017 251  6 50   -84
2017 251  6 51   -85
2017 251  6 52   -90
2017 251  6 53   -91
2017 251  6 54   -92
2017 251  6 55   -90
2017 251  6 56   -88
2017 251  6 57   -87
2017 251  6 58   -88
2017 251  6 59   -88
2017 251  7  0   -88
2017 251  7  1   -88
2017 251  7  2   -89
2017 251  7  3   -88
2017 251  7  4   -90
2017 251  7  5   -92
2017 251  7  6   -89
2017 251  7  7   -90
2017 251  7  8   -91
2017 251  7  9   -90
2017 251  7 10   -87
2017 251  7 11   -82
2017 251  7 12   -81
2017 251  7 13   -80
2017 251  7 14   -85
2017 251  7 15   -89
2017 251  7 16   -88
2017 251  7 17   -86
2017 251  7 18   -86
2017 251  7 19   -86
2017 251  7 20   -86
2017 251  7 21   -87
2017 251  7 22   -87
2017 251  7 23   -86
2017 251  7 24   -85
2017 251  7 25   -85
2017 251  7 26   -85
2017 251  7 27   -85
2017 251  7 28   -87
2017 251  7 29   -88
2017 251  7 30   -88
2017 251  7 31   -87
2017 251  7 32   -85
2017 251  7 33   -83
2017 251  7 34   -80
2017 251  7 35   -79
2017 251  7 36   -81
2017 251  7 37   -84
2017 251  7 38   -85
2017 251  7 39   -84
2017 251  7 40   -83
2017 251  7 41   -84
2017 251  7 42   -84
2017 251  7 43   -84
2017 251  7 44   -83
2017 251  7 45   -83
2017 251  7 46   -84
2017 251  7 47   -84
2017 251  7 48   -83
2017 251  7 49   -83
2017 251  7 50   -83
2017 251  7 51   -82
2017 251  7 52   -80
2017 251  7 53   -80
2017 251  7 54   -79
2017 251  7 55   -78
2017 251  7 56   -77
2017 251  7 57   -76
2017 251  7 58   -76
2017 251  7 59   -75
2017 251  8  0   -74
2017 251  8  1   -74
2017 251  8  2   -73
2017 251  8  3   -72
2017 251  8  4   -71
2017 251  8  5   -72
2017 251  8  6   -73
2017 251  8  7   -72
2017 251  8  8   -72
2017 251  8  9   -71
2017 251  8 10   -71
2017 251  8 11   -72
2017 251  8 12   -71
2017 251  8 13   -71
2017 251  8 14   -72
2017 251  8 15   -71
2017 251  8 16   -72
2017 251  8 17   -72
2017 251  8 18   -72
2017 251  8 19   -70
2017 251  8 20   -68
2017 251  8 21   -68
2017 251  8 22   -70
2017 251  8 23   -71
2017 251  8 24   -71
2017 251  8 25   -70
2017 251  8 26   -69
2017 251  8 27   -66
2017 251  8 28   -66
2017 251  8 29   -67
2017 251  8 30   -66
2017 251  8 31   -66
2017 251  8 32   -67
2017 251  8 33   -67
2017 251  8 34   -67
2017 251  8 35   -66
2017 251  8 36   -66
2017 251  8 37   -67
2017 251  8 38   -67
2017 251  8 39   -67
2017 251  8 40   -67
2017 251  8 41   -67
2017 251  8 42   -66
2017 251  8 43   -66
2017 251  8 44   -66
2017 251  8 45   -65
2017 251  8 46   -66
2017 251  8 47   -66
2017 251  8 48   -66
2017 251  8 49   -67
2017 251  8 50   -65
2017 251  8 51   -63
2017 251  8 52   -62
2017 251  8 53   -62
2017 251  8 54   -61
2017 251  8 55   -61
2017 251  8 56   -59
2017 251  8 57   -57
2017 251  8 58   -57
2017 251  8 59   -57
2017 251  9  0   -58
2017 251  9  1   -58
2017 251  9  2   -58
2017 251  9  3   -56
2017 251  9  4   -57
2017 251  9  5   -57
2017 251  9  6   -57
2017 251  9  7   -57
2017 251  9  8   -57
2017 251  9  9   -57
2017 251  9 10   -57
2017 251  9 11   -57
2017 251  9 12   -57
2017 251  9 13   -57
2017 251  9 14   -57
2017 251  9 15   -57
2017 251  9 16   -56
2017 251  9 17   -56
2017 251  9 18   -57
2017 251  9 19   -55
2017 251  9 20   -54
2017 251  9 21   -55
2017 251  9 22   -54
2017 251  9 23   -54
2017 251  9 24   -54
2017 251  9 25   -54
2017 251  9 26   -54
2017 251  9 27   -54
2017 251  9 28   -54
2017 251  9 29   -53
2017 251  9 30   -53
2017 251  9 31   -54
2017 251  9 32   -54
2017 251  9 33   -54
2017 251  9 34   -54
2017 251  9 35   -54
2017 251  9 36   -53
2017 251  9 37   -53
2017 251  9 38   -53
2017 251  9 39   -53
2017 251  9 40   -52
2017 251  9 41   -53
2017 251  9 42   -52
2017 251  9 43   -51
2017 251  9 44   -53
2017 251  9 45   -53
2017 251  9 46   -53
2017 251  9 47   -52
2017 251  9 48   -51
2017 251  9 49   -50
2017 251  9 50   -50
2017 251  9 51   -50
2017 251  9 52   -50
2017 251  9 53   -49
2017 251  9 54   -49
2017 251  9 55   -48
2017 251  9 56   -48
2017 251  9 57   -48
2017 251  9 58   -47
2017 251  9 59   -47
2017 251 10  0   -47
2017 251 10  1   -47
2017 251 10  2   -47
2017 251 10  3   -47
2017 251 10  4   -47
2017 251 10  5   -47
2017 251 10  6   -47
2017 251 10  7   -47
2017 251 10  8   -46
2017 251 10  9   -46
2017 251 10 10   -46
2017 251 10 11   -47
2017 251 10 12   -46
2017 251 10 13   -46
2017 251 10 14   -47
2017 251 10 15   -46
2017 251 10 16   -46
2017 251 10 17   -46
2017 251 10 18   -46
2017 251 10 19   -46
2017 251 10 20   -46
2017 251 10 21   -45
2017 251 10 22   -46
2017 251 10 23   -46
2017 251 10 24   -46
2017 251 10 25   -46
2017 251 10 26   -46
2017 251 10 27   -46
2017 251 10 28   -46
2017 251 10 29   -46
2017 251 10 30   -45
2017 251 10 31   -44
2017 251 10 32   -45
2017 251 10 33   -45
2017 251 10 34   -45
2017 251 10 35   -45
2017 251 10 36   -46
2017 251 10 37   -45
2017 251 10 38   -46
2017 251 10 39   -45
2017 251 10 40   -45
2017 251 10 41   -45
2017 251 10 42   -45
2017 251 10 43   -45
2017 251 10 44   -45
2017 251 10 45   -44
2017 251 10 46   -45
2017 251 10 47   -45
2017 251 10 48   -46
2017 251 10 49   -46
2017 251 10 50   -43
2017 251 10 51   -45
2017 251 10 52   -47
2017 251 10 53   -47
2017 251 10 54   -46
2017 251 10 55   -45
2017 251 10 56   -44
2017 251 10 57   -43
2017 251 10 58   -45
2017 251 10 59   -46
2017 251 11  0   -42
2017 251 11  1   -42
2017 251 11  2   -43
2017 251 11  3   -43
2017 251 11  4   -43
2017 251 11  5   -42
2017 251 11  6   -43
2017 251 11  7   -44
2017 251 11  8   -46
2017 251 11  9   -47
2017 251 11 10   -47
2017 251 11 11   -47
2017 251 11 12   -46
2017 251 11 13   -46
2017 251 11 14   -47
2017 251 11 15   -46
2017 251 11 16   -46
2017 251 11 17   -45
2017 251 11 18   -45
2017 251 11 19   -42
2017 251 11 20   -39
2017 251 11 21   -40
2017 251 11 22   -41
2017 251 11 23   -40
2017 251 11 24   -39
2017 251 11 25   -39
2017 251 11 26   -39
2017 251 11 27   -40
2017 251 11 28   -43
2017 251 11 29   -43
2017 251 11 30   -44
2017 251 11 31   -45
2017 251 11 32   -46
2017 251 11 33   -43
2017 251 11 34   -43
2017 251 11 35   -44
2017 251 11 36   -43
2017 251 11 37   -43
2017 251 11 38   -43
2017 251 11 39   -44
2017 251 11 40   -44
2017 251 11 41   -45
2017 251 11 42   -46
2017 251 11 43   -47
2017 251 11 44   -51
2017 251 11 45   -55
2017 251 11 46   -54
2017 251 11 47   -51
2017 251 11 48   -46
2017 251 11 49   -47
2017 251 11 50   -53
2017 251 11 51   -57
2017 251 11 52   -56
2017 251 11 53   -57
2017 251 11 54   -58
2017 251 11 55   -57
2017 251 11 56   -56
2017 251 11 57   -56
2017 251 11 58   -55
2017 251 11 59   -56
2017 251 12  0   -58
2017 251 12  1   -60
2017 251 12  2   -61
2017 251 12  3   -59
2017 251 12  4   -59
2017 251 12  5   -57
2017 251 12  6   -58
2017 251 12  7   -60
2017 251 12  8   -62
2017 251 12  9   -64
2017 251 12 10   -65
2017 251 12 11   -63
2017 251 12 12   -58
2017 251 12 13   -54
2017 251 12 14   -54
2017 251 12 15   -57
2017 251 12 16   -60
2017 251 12 17   -60
2017 251 12 18   -57
2017 251 12 19   -55
2017 251 12 20   -51
2017 251 12 21   -51
2017 251 12 22   -53
2017 251 12 23   -57
2017 251 12 24   -64
2017 251 12 25   -69
2017 251 12 26   -71
2017 251 12 27   -73
2017 251 12 28   -73
2017 251 12 29   -72
2017 251 12 30   -72
2017 251 12 31   -73
2017 251 12 32   -74
2017 251 12 33   -74
2017 251 12 34   -74
2017 251 12 35   -75
2017 251 12 36   -76
2017 251 12 37   -76
2017 251 12 38   -77
2017 251 12 39   -78
2017 251 12 40   -79
2017 251 12 41   -79
2017 251 12 42   -77
2017 251 12 43   -76
2017 251 12 44   -74
2017 251 12 45   -74
2017 251 12 46   -73
2017 251 12 47   -74
2017 251 12 48   -73
2017 251 12 49   -69
2017 251 12 50   -66
2017 251 12 51   -66
2017 251 12 52   -66
2017 251 12 53   -67
2017 251 12 54   -67
2017 251 12 55   -68
2017 251 12 56   -70
2017 251 12 57   -70
2017 251 12 58   -71
2017 251 12 59   -73
2017 251 13  0   -76
2017 251 13  1   -80
2017 251 13  2   -83
2017 251 13  3   -85
2017 251 13  4   -82
2017 251 13  5   -79
2017 251 13  6   -78
2017 251 13  7   -79
2017 251 13  8   -80
2017 251 13  9   -83
2017 251 13 10   -84
2017 251 13 11   -86
2017 251 13 12   -88
2017 251 13 13   -89
2017 251 13 14   -89
2017 251 13 15   -89
2017 251 13 16   -89
2017 251 13 17   -90
2017 251 13 18   -92
2017 251 13 19   -93
2017 251 13 20   -95
2017 251 13 21   -95
2017 251 13 22   -97
2017 251 13 23   -98
2017 251 13 24   -98
2017 251 13 25   -99
2017 251 13 26  -100
2017 251 13 27  -100
2017 251 13 28   -99
2017 251 13 29   -99
2017 251 13 30   -99
2017 251 13 31  -101
2017 251 13 32  -102
2017 251 13 33  -102
2017 251 13 34  -100
2017 251 13 35   -99
2017 251 13 36   -99
2017 251 13 37   -98
2017 251 13 38   -92
2017 251 13 39   -94
2017 251 13 40   -95
2017 251 13 41   -94
2017 251 13 42   -95
2017 251 13 43   -89
2017 251 13 44   -89
2017 251 13 45   -92
2017 251 13 46   -94
2017 251 13 47   -98
2017 251 13 48  -100
2017 251 13 49  -100
2017 251 13 50  -103
2017 251 13 51  -105
2017 251 13 52  -107
2017 251 13 53  -109
2017 251 13 54  -110
2017 251 13 55  -113
2017 251 13 56  -115
2017 251 13 57   -96
2017 251 13 58   -97
2017 251 13 59   -99
2017 251 14  0  -100
2017 251 14  1   -99
2017 251 14  2   -95
2017 251 14  3   -95
2017 251 14  4   -91
2017 251 14  5   -84
2017 251 14  6   -85
2017 251 14  7   -84
2017 251 14  8   -86
2017 251 14  9   -88
2017 251 14 10   -92
2017 251 14 11   -94
2017 251 14 12   -92
2017 251 14 13   -91
2017 251 14 14   -88
2017 251 14 15   -90
2017 251 14 16   -90
2017 251 14 17   -92
2017 251 14 18   -93
2017 251 14 19   -95
2017 251 14 20   -98
2017 251 14 21   -98
2017 251 14 22  -100
2017 251 14 23  -100
2017 251 14 24   -99
2017 251 14 25   -98
2017 251 14 26   -95
2017 251 14 27   -95
2017 251 14 28   -95
2017 251 14 29   -96
2017 251 14 30   -98
2017 251 14 31   -97
2017 251 14 32   -97
2017 251 14 33   -95
2017 251 14 34   -94
2017 251 14 35   -92
2017 251 14 36   -91
2017 251 14 37   -89
2017 251 14 38   -88
2017 251 14 39   -88
2017 251 14 40   -89
2017 251 14 41   -89
2017 251 14 42   -91
2017 251 14 43   -91
2017 251 14 44   -92
2017 251 14 45   -91
2017 251 14 46   -92
2017 251 14 47   -93
2017 251 14 48   -94
2017 251 14 49   -95
2017 251 14 50   -97
2017 251 14 51  -100
2017 251 14 52  -101
2017 251 14 53   -99
2017 251 14 54  -100
2017 251 14 55   -99
2017 251 14 56   -98
2017 251 14 57   -97
2017 251 14 58   -98
2017 251 14 59   -96
2017 251 15  0   -95
2017 251 15  1   -96
2017 251 15  2   -95
2017 251 15  3   -93
2017 251 15  4   -93
2017 251 15  5   -94
2017 251 15  6   -87
2017 251 15  7   -87
2017 251 15  8   -87
2017 251 15  9   -86
2017 251 15 10   -83
2017 251 15 11   -82
2017 251 15 12   -83
2017 251 15 13   -78
2017 251 15 14   -75
2017 251 15 15   -76
2017 251 15 16   -78
2017 251 15 17   -79
2017 251 15 18   -77
2017 251 15 19   -75
2017 251 15 20   -77
2017 251 15 21   -79
2017 251 15 22   -72
2017 251 15 23   -82
2017 251 15 24   -85
2017 251 15 25   -89
2017 251 15 26   -82
2017 251 15 27   -81
2017 251 15 28   -83
2017 251 15 29   -82
2017 251 15 30   -85
2017 251 15 31   -86
2017 251 15 32   -87
2017 251 15 33   -91
2017 251 15 34   -84
2017 251 15 35   -90
2017 251 15 36   -95
2017 251 15 37   -94
2017 251 15 38   -86
2017 251 15 39   -89
2017 251 15 40   -95
2017 251 15 41   -99
2017 251 15 42   -93
2017 251 15 43   -89
2017 251 15 44   -93
2017 251 15 45   -96
2017 251 15 46   -95
2017 251 15 47   -93
2017 251 15 48   -94
2017 251 15 49   -96
2017 251 15 50   -97
2017 251 15 51  -100
2017 251 15 52  -101
2017 251 15 53  -104
2017 251 15 54  -105
2017 251 15 55  -106
2017 251 15 56  -107
2017 251 15 57  -108
2017 251 15 58  -108
2017 251 15 59  -108
2017 251 16  0  -109
2017 251 16  1  -110
2017 251 16  2  -108
2017 251 16  3  -108
2017 251 16  4  -109
2017 251 16  5  -107
2017 251 16  6  -107
2017 251 16  7  -106
2017 251 16  8  -104
2017 251 16  9  -103
2017 251 16 10  -103
2017 251 16 11  -102
2017 251 16 12  -102
2017 251 16 13  -102
2017 251 16 14   -99
2017 251 16 15   -98
2017 251 16 16   -97
2017 251 16 17   -97
2017 251 16 18   -95
2017 251 16 19   -95
2017 251 16 20   -95
2017 251 16 21   -94
2017 251 16 22   -95
2017 251 16 23   -94
2017 251 16 24   -92
2017 251 16 25   -91
2017 251 16 26   -91
2017 251 16 27   -89
2017 251 16 28   -88
2017 251 16 29   -86
2017 251 16 30   -87
2017 251 16 31   -87
2017 251 16 32   -89
2017 251 16 33   -87
2017 251 16 34   -87
2017 251 16 35   -87
2017 251 16 36   -87
2017 251 16 37   -88
2017 251 16 38   -88
2017 251 16 39   -90
2017 251 16 40   -89
2017 251 16 41   -91
2017 251 16 42   -93
2017 251 16 43   -94
2017 251 16 44   -95
2017 251 16 45   -96
2017 251 16 46   -98
2017 251 16 47   -97
2017 251 16 48   -98
2017 251 16 49   -99
2017 251 16 50   -99
2017 251 16 51  -101
2017 251 16 52  -102
2017 251 16 53  -103
2017 251 16 54  -103
2017 251 16 55  -105
2017 251 16 56  -106
2017 251 16 57  -106
2017 251 16 58  -106
2017 251 16 59  -108
2017 251 17  0  -108
2017 251 17  1  -109
2017 251 17  2  -109
2017 251 17  3  -110
2017 251 17  4  -110
2017 251 17  5  -111
2017 251 17  6  -111
2017 251 17  7  -112
2017 251 17  8  -112
2017 251 17  9  -111
2017 251 17 10  -109
2017 251 17 11  -109
2017 251 17 12  -108
2017 251 17 13  -108
2017 251 17 14  -108
2017 251 17 15  -108
2017 251 17 16  -106
2017 251 17 17  -105
2017 251 17 18  -104
2017 251 17 19  -103
2017 251 17 20  -103
2017 251 17 21  -104
2017 251 17 22  -105
2017 251 17 23  -105
2017 251 17 24  -105
2017 251 17 25  -104
2017 251 17 26  -104
2017 251 17 27  -105
2017 251 17 28  -105
2017 251 17 29  -106
2017 251 17 30  -106
2017 251 17 31  -106
2017 251 17 32  -105
2017 251 17 33  -105
2017 251 17 34  -105
2017 251 17 35  -104
2017 251 17 36  -104
2017 251 17 37  -104
2017 251 17 38  -104
2017 251 17 39  -105
2017 251 17 40  -105
2017 251 17 41  -106
2017 251 17 42  -107
2017 251 17 43  -107
2017 251 17 44  -107
2017 251 17 45  -107
2017 251 17 46  -107
2017 251 17 47  -107
2017 251 17 48  -107
2017 251 17 49  -106
2017 251 17 50  -107
2017 251 17 51  -107
2017 251 17 52  -109
2017 251 17 53  -109
2017 251 17 54  -107
2017 251 17 55  -106
2017 251 17 56  -106
2017 251 17 57  -107
2017 251 17 58  -105
2017 251 17 59  -105
2017 251 18  0  -105
2017 251 18  1  -104
2017 251 18  2  -102
2017 251 18  3  -100
2017 251 18  4  -100
2017 251 18  5  -101
2017 251 18  6  -103
2017 251 18  7  -104
2017 251 18  8  -105
2017 251 18  9  -105
2017 251 18 10  -105
2017 251 18 11  -106
2017 251 18 12  -107
2017 251 18 13  -108
2017 251 18 14  -108
2017 251 18 15  -108
2017 251 18 16  -105
2017 251 18 17  -102
2017 251 18 18  -100
2017 251 18 19   -98
2017 251 18 20   -97
2017 251 18 21   -96
2017 251 18 22   -95
2017 251 18 23   -95
2017 251 18 24   -94
2017 251 18 25   -92
2017 251 18 26   -92
2017 251 18 27   -92
2017 251 18 28   -93
2017 251 18 29   -95
2017 251 18 30   -97
2017 251 18 31   -98
2017 251 18 32   -97
2017 251 18 33   -97
2017 251 18 34   -97
2017 251 18 35   -97
2017 251 18 36   -95
2017 251 18 37   -95
2017 251 18 38   -96
2017 251 18 39   -96
2017 251 18 40   -94
2017 251 18 41   -94
2017 251 18 42   -93
2017 251 18 43   -93
2017 251 18 44   -93
2017 251 18 45   -93
2017 251 18 46   -93
2017 251 18 47   -93
2017 251 18 48   -93
2017 251 18 49   -94
2017 251 18 50   -95
2017 251 18 51   -94
2017 251 18 52   -94
2017 251 18 53   -95
2017 251 18 54   -96
2017 251 18 55   -96
2017 251 18 56   -96
2017 251 18 57   -97
2017 251 18 58   -96
2017 251 18 59   -96
2017 251 19  0   -96
2017 251 19  1   -96
2017 251 19  2   -95
2017 251 19  3   -94
2017 251 19  4   -95
2017 251 19  5   -95
2017 251 19  6   -95
2017 251 19  7   -93
2017 251 19  8   -93
2017 251 19  9   -93
2017 251 19 10   -93
2017 251 19 11   -94
2017 251 19 12   -94
2017 251 19 13   -93
2017 251 19 14   -94
2017 251 19 15   -94
2017 251 19 16   -94
2017 251 19 17   -93
2017 251 19 18   -93
2017 251 19 19   -92
2017 251 19 20   -92
2017 251 19 21   -91
2017 251 19 22   -91
2017 251 19 23   -90
2017 251 19 24   -90
2017 251 19 25   -90
2017 251 19 26   -90
2017 251 19 27   -90
2017 251 19 28   -92
2017 251 19 29   -93
2017 251 19 30   -93
2017 251 19 31   -93
2017 251 19 32   -93
2017 251 19 33   -94
2017 251 19 34   -94
2017 251 19 35   -94
2017 251 19 36   -93
2017 251 19 37   -93
2017 251 19 38   -93
2017 251 19 39   -93
2017 251 19 40   -92
2017 251 19 41   -92
2017 251 19 42   -92
2017 251 19 43   -93
2017 251 19 44   -93
2017 251 19 45   -93
2017 251 19 46   -94
2017 251 19 47   -94
2017 251 19 48   -94
2017 251 19 49   -94
2017 251 19 50   -93
2017 251 19 51   -94
2017 251 19 52   -94
2017 251 19 53   -94
2017 251 19 54   -93
2017 251 19 55   -93
2017 251 19 56   -93
2017 251 19 57   -94
2017 251 19 58   -93
2017 251 19 59   -93
2017 251 20  0   -93
2017 251 20  1   -93
2017 251 20  2   -94
2017 251 20  3   -94
2017 251 20  4   -94
2017 251 20  5   -94
2017 251 20  6   -95
2017 251 20  7   -95
2017 251 20  8   -95
2017 251 20  9   -94
2017 251 20 10   -94
2017 251 20 11   -94
2017 251 20 12   -94
2017 251 20 13   -93
2017 251 20 14   -92
2017 251 20 15   -93
2017 251 20 16   -94
2017 251 20 17   -95
2017 251 20 18   -95
2017 251 20 19   -95
2017 251 20 20   -96
2017 251 20 21   -97
2017 251 20 22   -98
2017 251 20 23   -98
2017 251 20 24   -98
2017 251 20 25   -97
2017 251 20 26   -97
2017 251 20 27   -97
2017 251 20 28   -97
2017 251 20 29   -98
2017 251 20 30   -99
2017 251 20 31  -101
2017 251 20 32  -102
2017 251 20 33  -104
2017 251 20 34  -104
2017 251 20 35  -103
2017 251 20 36  -101
2017 251 20 37  -100
2017 251 20 38  -100
2017 251 20 39  -100
2017 251 20 40  -100
2017 251 20 41  -100
2017 251 20 42  -100
2017 251 20 43   -99
2017 251 20 44   -99
2017 251 20 45   -98
2017 251 20 46   -96
2017 251 20 47   -95
2017 251 20 48   -94
2017 251 20 49   -95
2017 251 20 50   -95
2017 251 20 51   -96
2017 251 20 52   -96
2017 251 20 53   -96
2017 251 20 54   -97
2017 251 20 55   -97
2017 251 20 56   -97
2017 251 20 57   -96
2017 251 20 58   -97
2017 251 20 59   -97
2017 251 21  0   -96
2017 251 21  1   -96
2017 251 21  2   -94
2017 251 21  3   -94
2017 251 21  4   -93
2017 251 21  5   -92
2017 251 21  6   -91
2017 251 21  7   -90
2017 251 21  8   -89
2017 251 21  9   -90
2017 251 21 10   -88
2017 251 21 11   -88
2017 251 21 12   -89
2017 251 21 13   -89
2017 251 21 14   -89
2017 251 21 15   -88
2017 251 21 16   -88
2017 251 21 17   -87
2017 251 21 18   -87
2017 251 21 19   -88
2017 251 21 20   -88
2017 251 21 21   -88
2017 251 21 22   -87
2017 251 21 23   -86
2017 251 21 24   -85
2017 251 21 25   -85
2017 251 21 26   -84
2017 251 21 27   -83
2017 251 21 28   -84
2017 251 21 29   -84
2017 251 21 30   -84
2017 251 21 31   -86
2017 251 21 32   -86
2017 251 21 33   -86
2017 251 21 34   -86
2017 251 21 35   -87
2017 251 21 36   -88
2017 251 21 37   -88
2017 251 21 38   -87
2017 251 21 39   -87
2017 251 21 40   -87
2017 251 21 41   -87
2017 251 21 42   -88
2017 251 21 43   -89
2017 251 21 44   -90
2017 251 21 45   -91
2017 251 21 46   -92
2017 251 21 47   -93
2017 251 21 48   -93
2017 251 21 49   -94
2017 251 21 50   -94
2017 251 21 51   -94
2017 251 21 52   -94
2017 251 21 53   -93
2017 251 21 54   -93
2017 251 21 55   -93
2017 251 21 56   -93
2017 251 21 57   -93
2017 251 21 58   -93
2017 251 21 59   -92
2017 251 22  0   -92
2017 251 22  1   -93
2017 251 22  2   -93
2017 251 22  3   -94
2017 251 22  4   -94
2017 251 22  5   -94
2017 251 22  6   -94
2017 251 22  7   -94
2017 251 22  8   -94
2017 251 22  9   -94
2017 251 22 10   -94
2017 251 22 11   -94
2017 251 22 12   -94
2017 251 22 13   -94
2017 251 22 14   -94
2017 251 22 15   -94
2017 251 22 16   -94
2017 251 22 17   -93
2017 251 22 18   -93
2017 251 22 19   -92
2017 251 22 20   -92
2017 251 22 21   -91
2017 251 22 22   -91
2017 251 22 23   -90
2017 251 22 24   -90
2017 251 22 25   -90
2017 251 22 26   -89
2017 251 22 27   -89
2017 251 22 28   -89
2017 251 22 29   -89
2017 251 22 30   -90
2017 251 22 31   -90
2017 251 22 32   -90
2017 251 22 33   -90
2017 251 22 34   -90
2017 251 22 35   -90
2017 251 22 36   -90
2017 251 22 37   -90
2017 251 22 38   -90
2017 251 22 39   -90
2017 251 22 40   -90
2017 251 22 41   -90
2017 251 22 42   -90
2017 251 22 43   -90
2017 251 22 44   -90
2017 251 22 45   -90
2017 251 22 46   -90
2017 251 22 47   -88
2017 251 22 48   -87
2017 251 22 49   -86
2017 251 22 50   -84
2017 251 22 51   -83
2017 251 22 52   -81
2017 251 22 53   -80
2017 251 22 54   -79
2017 251 22 55   -78
2017 251 22 56   -78
2017 251 22 57   -78
2017 251 22 58   -78
2017 251 22 59   -77
2017 251 23  0   -76
2017 251 23  1   -76
2017 251 23  2   -75
2017 251 23  3   -74
2017 251 23  4   -74
2017 251 23  5   -73
2017 251 23  6   -73
2017 251 23  7   -72
2017 251 23  8   -72
2017 251 23  9   -72
2017 251 23 10   -71
2017 251 23 11   -71
2017 251 23 12   -71
2017 251 23 13   -72
2017 251 23 14   -72
2017 251 23 15   -72
2017 251 23 16   -73
2017 251 23 17   -73
2017 251 23 18   -73
2017 251 23 19   -73
2017 251 23 20   -74
2017 251 23 21   -74
2017 251 23 22   -74
2017 251 23 23   -73
2017 251 23 24   -73
2017 251 23 25   -74
2017 251 23 26   -74
2017 251 23 27   -74
2017 251 23 28   -74
2017 251 23 29   -74
2017 251 23 30   -75
2017 251 23 31   -75
2017 251 23 32   -75
2017 251 23 33   -76
2017 251 23 34   -75
2017 251 23 35   -75
2017 251 23 36   -75
2017 251 23 37   -75
2017 251 23 38   -75
2017 251 23 39   -75
2017 251 23 40   -75
2017 251 23 41   -75
2017 251 23 42   -75
2017 251 23 43   -75
2017 251 23 44   -75
2017 251 23 45   -75
2017 251 23 46   -75
2017 251 23 47   -76
2017 251 23 48   -76
2017 251 23 49   -76
2017 251 23 50   -76
2017 251 23 51   -76
2017 251 23 52   -75
2017 251 23 53   -75
2017 251 23 54   -75
2017 251 23 55   -75
2017 251 23 56   -75
2017 251 23 57   -75
2017 251 23 58   -75
2017 251 23 59   -74
If you have any questions about OMNIWeb Plus Interface,contact:
Dr. Natalia Papitashvili, Code 672, Greenbelt, MD 20771.
Last Update: May 13, 2026, NEP.