OMNIWeb Plus Browser Results

Listing for omni2 data from 20260101 to 20260101
Selected parameters:
 1 Dst-index, nT

YEAR DOY HR    1 
2026   1  0     3
2026   1  1     4
2026   1  2     2
2026   1  3     4
2026   1  4    13
2026   1  5    19
2026   1  6    20
2026   1  7    18
2026   1  8     5
2026   1  9     1
2026   1 10     4
2026   1 11     8
2026   1 12     4
2026   1 13     3
2026   1 14    -1
2026   1 15    -4
2026   1 16    -8
2026   1 17   -12
2026   1 18    -8
2026   1 19    -6
2026   1 20    -8
2026   1 21   -10
2026   1 22   -17
2026   1 23    -8